0.0 -0.7213215117699505
0.01 -0.7202597258929089
0.02 -0.7193726568394414
0.03 -0.7201827516339394
0.04 -0.716236344407081
0.05 -0.7158690401936125
0.06 -0.7131775127080591
0.07 -0.7084853687308268
0.08 -0.7069008854047683
0.09 -0.703808641519247
0.1 -0.7028316003904749
0.11 -0.7006094881315201
0.12 -0.7005426463860003
0.13 -0.7023411272859894
0.14 -0.7022267481430831
0.15 -0.7032497628113106
0.16 -0.702838378500747
0.17 -0.7006482998185488
0.18 -0.7003019605732241
0.19 -0.6988949440634142
0.2 -0.697962505198543
0.21 -0.6964389494802914
0.22 -0.6976807496891952
0.23 -0.6995552155493776
0.24 -0.6987568763104557
0.25 -0.7015051613263497
0.26 -0.7039953652406243
0.27 -0.7052744162125775
0.28 -0.7046176898822747
0.29 -0.7034641220175342
0.3 -0.6998398963358694
0.31 -0.6963380322117017
0.32 -0.6895319617505917
0.33 -0.6814217522904418
0.34 -0.6717322994383679
0.35 -0.6647873303983012
0.36 -0.6609922728695032
0.37 -0.6534280003727275
0.38 -0.6471524271515374
0.39 -0.6446283643151975
0.4 -0.6394802965563722
0.41 -0.6363174720039337
0.42 -0.6335345681348308
0.43 -0.6308288995127009
0.44 -0.6302256943307665
0.45 -0.6268574737477062
0.46 -0.6260882022946426
0.47 -0.6251680894523313
0.48 -0.6262389178369867
0.49 -0.6232765224281493
0.5 -0.6220002236563609
0.51 -0.6262374065826233
0.52 -0.6254603594676773
0.53 -0.6236932479562958
0.54 -0.6271960741064078
0.55 -0.6295963499555759
0.56 -0.6302248842778804
0.57 -0.631490951206299
0.58 -0.6325828642496303
0.59 -0.6363655440290072
0.6 -0.6372208019005772
0.61 -0.6402039047770689
0.62 -0.6455718512392696
0.63 -0.6475369190111948
0.64 -0.6496420445258533
0.65 -0.6518572358152834
0.66 -0.6531245318687846
0.67 -0.653020530819898
0.68 -0.6560433710802949
0.69 -0.6568480102706653
0.7 -0.6591677647116931
0.71 -0.6584048962839972
0.72 -0.6596840582025649
0.73 -0.6581202018513661
0.74 -0.6611495119135746
0.75 -0.6614169825859397
0.76 -0.6638449414269179
0.77 -0.6631852791454129
0.78 -0.6624285565628005
0.79 -0.6602683314789166
0.8 -0.6593657902136396
0.81 -0.6565185000933855
0.82 -0.6571799495004393
0.83 -0.656191558946877
0.84 -0.6567256327691009
0.85 -0.6586480213983039
0.86 -0.6630043323783283
0.87 -0.6703566006795558
0.88 -0.6768856390848352
0.89 -0.6858187897904404
0.9 -0.6941174701921948
0.91 -0.7050272866737348
0.92 -0.709819836785492
0.93 -0.7160819727279177
0.94 -0.7212852810911663
0.95 -0.7277296849160075
0.96 -0.7306690829207199
0.97 -0.7350711707117146
0.98 -0.7397586186005256
0.99 -0.7436175294217744
1.0 -0.7466709540937213
1.01 -0.747940438767051
1.02 -0.751876240232626
1.03 -0.7542165987742138
1.04 -0.7579698924536578
1.05 -0.758646907522535
1.06 -0.7591493832046945
1.07 -0.7611460769639757
1.08 -0.7589472686437198
1.09 -0.7560160139962546
1.1 -0.7529135910744991
1.11 -0.7476836175243031
1.12 -0.7450701385193668
1.13 -0.7368279475864474
1.14 -0.7280957907947734
1.15 -0.7219347471355508
1.16 -0.7124624893180478
1.17 -0.7057317589940233
1.18 -0.6997983759464335
1.19 -0.6948373887272679
1.2 -0.6898555726522408
1.21 -0.6856526835459009
1.22 -0.6835701096638704
1.23 -0.6823399768571168
1.24 -0.682797229765824
1.25 -0.6820424456509642
1.26 -0.6833915469195242
1.27 -0.6827139296119995
1.28 -0.6834935797141339
1.29 -0.6852489803772333
1.3 -0.6825519483714819
1.31 -0.6826388669197678
1.32 -0.6815946347325843
1.33 -0.6790559909873366
1.34 -0.6766302281748153
1.35 -0.6740936240922437
1.36 -0.6693840679384602
1.37 -0.6657042018200636
1.38 -0.6634388756497094
1.39 -0.6603283840546812
1.4 -0.6573011519302705
1.41 -0.6540121084079829
1.42 -0.647775513824957
1.43 -0.6441517248651882
1.44 -0.6401488364909751
1.45 -0.6340124653979284
1.46 -0.6325108655876619
1.47 -0.6281705920968852
1.48 -0.6284507452741304
