0.0 -0.2803657208852419
0.01 -0.29068040599184997
0.02 -0.2982691920546361
0.03 -0.3191516563521404
0.04 -0.3294865508855773
0.05 -0.3429192605901088
0.06 -0.3572362878005264
0.07 -0.37504650207049783
0.08 -0.3911634353190028
0.09 -0.4141409571953676
0.1 -0.43917674526685424
0.11 -0.4670276288437414
0.12 -0.48916400442672403
0.13 -0.5261737378468072
0.14 -0.5656539034819281
0.15 -0.6077201418076288
0.16 -0.6487011231956927
0.17 -0.7092643240561363
0.18 -0.7725742292955013
0.19 -0.8372156181605543
0.2 -0.9078275054556695
0.21 -0.9656487513754803
0.22 -1.0161053974912524
0.23 -1.03068461938313
0.24 -1.000315059351553
0.25 -0.9601756257341152
0.26 -0.8659464141316717
0.27 -0.8030837898325469
0.28 -0.6997082223696216
0.29 -0.5950989756694707
0.3 -0.4854039193476236
0.31 -0.4294483278663126
0.32 -0.3964957593502678
0.33 -0.372626801612542
0.34 -0.34366224322563266
0.35 -0.3259268993654878
0.36 -0.31281061997500803
0.37 -0.33258691991837797
0.38 -0.3516909123482259
0.39 -0.39135920715457395
0.4 -0.3982094580191271
0.41 -0.40423140488110487
0.42 -0.3957403995875195
0.43 -0.40125400917437526
0.44 -0.3964277629583459
0.45 -0.3959859852649039
0.46 -0.3773178424014163
0.47 -0.37771422247198494
0.48 -0.3648922191852124
0.49 -0.37025841929007264
0.5 -0.3569190943305314
0.51 -0.36485088211882033
0.52 -0.37176226227540754
0.53 -0.36153843212244263
0.54 -0.3612052431810828
0.55 -0.3688906137642687
0.56 -0.36155146776952307
0.57 -0.3649106076724853
0.58 -0.37465900109844164
0.59 -0.38228797604745823
0.6 -0.39542682009914243
0.61 -0.4204330414737485
0.62 -0.41207446806598513
0.63 -0.4271423405102168
0.64 -0.42914447771252906
0.65 -0.4401194607451804
0.66 -0.44991794276108754
0.67 -0.45583664848388006
0.68 -0.4693350102222964
0.69 -0.47132432156247495
0.7 -0.4714082087319915
0.71 -0.4753129803461573
0.72 -0.46832145815317183
0.73 -0.45480031081261263
0.74 -0.46618461010067547
0.75 -0.4399619039736553
0.76 -0.4184200699868903
0.77 -0.4270542550106171
0.78 -0.4267564920231899
0.79 -0.42235110569738676
0.8 -0.3679578297607988
0.81 -0.36251532037061107
0.82 -0.3549589879165329
0.83 -0.316191030375113
0.84 -0.2895804117547005
0.85 -0.2751282263753545
0.86 -0.26422465541981977
0.87 -0.2620484370815208
0.88 -0.26603690509395284
0.89 -0.26021502949045905
0.9 -0.262699329803183
0.91 -0.26103476428018757
0.92 -0.26147791072110804
0.93 -0.2641656136968962
0.94 -0.2624868391021744
0.95 -0.26341471591096166
0.96 -0.2646659475747395
0.97 -0.2681404898997215
0.98 -0.26787122087863446
0.99 -0.2658800857882331
1.0 -0.2670330324676389
1.01 -0.2703004091950145
1.02 -0.2730749278669702
1.03 -0.270881417608857
1.04 -0.27590601472735665
1.05 -0.2741885779476534
1.06 -0.27003912206576164
1.07 -0.2689639357288245
1.08 -0.27623281230763697
1.09 -0.2801893064243606
1.1 -0.2766238914536818
1.11 -0.2788513507359327
1.12 -0.2771331500348162
1.13 -0.2773164830333905
1.14 -0.28816645148938624
1.15 -0.2823581730569211
1.16 -0.28275392199769733
1.17 -0.2872196946045591
1.18 -0.29171708766462157
1.19 -0.292249830047683
1.2 -0.29166364734831474
1.21 -0.29430666746115275
1.22 -0.30672020706204517
1.23 -0.3010731394071695
1.24 -0.3030801282756932
1.25 -0.3089968802405365
1.26 -0.312351312852051
1.27 -0.32040457469805883
1.28 -0.3261746081543331
1.29 -0.3282822409485222
1.3 -0.3428778733080202
1.31 -0.3585194303659067
1.32 -0.3657315003460746
1.33 -0.38193606265817914
1.34 -0.3980756528571159
1.35 -0.4099936747163051
1.36 -0.43523168821232083
1.37 -0.4538272345561869
1.38 -0.48061191998994834
1.39 -0.5152696762269939
1.4 -0.5429607339919875
1.41 -0.5839472804372328
1.42 -0.6315874736681941
1.43 -0.6803138726314018
1.44 -0.7383563684884291
1.45 -0.7956800693462576
1.46 -0.8574621656639971
1.47 -0.9210835963553072
1.48 -0.9886564648000062
