0.0 0.24492465782720885
0.01 0.24482845511566875
0.02 0.24429803530921745
0.03 0.245216051556306
0.04 0.24323045869109805
0.05 0.2423234303343902
0.06 0.238840829131318
0.07 0.23539785847940387
0.08 0.23386631738209473
0.09 0.23181878660103106
0.1 0.23219050521763052
0.11 0.23184310562198185
0.12 0.23186408816346837
0.13 0.23390119806027876
0.14 0.2353697803389334
0.15 0.2359552076608189
0.16 0.23763924573481177
0.17 0.23733488752800902
0.18 0.23691441220781329
0.19 0.23605587442427822
0.2 0.23471307609781
0.21 0.23380980608378987
0.22 0.23330941152012308
0.23 0.23264205709333297
0.24 0.23013495100424297
0.25 0.22703543884719934
0.26 0.22457897774467828
0.27 0.22081354961512378
0.28 0.21346371463238523
0.29 0.20716231103035998
0.3 0.19817939613896662
0.31 0.1909626458281597
0.32 0.1807009086259317
0.33 0.16974436255101732
0.34 0.15857651196014722
0.35 0.148492543615097
0.36 0.1388768981337929
0.37 0.1290344046525087
0.38 0.11871393869314772
0.39 0.10969150294940366
0.4 0.10030850201329589
0.41 0.09045058484351642
0.42 0.08187991011826679
0.43 0.07267585869155635
0.44 0.06410398847122956
0.45 0.05442055533997969
0.46 0.04514048078438915
0.47 0.037152911206352
0.48 0.029324536850911187
0.49 0.01894256425813534
0.5 0.010305452016943661
0.51 0.0031805537126237127
0.52 -0.006095635402889599
0.53 -0.015592623589660626
0.54 -0.022293249228654943
0.55 -0.02968169660805131
0.56 -0.03748022361854453
0.57 -0.04352799797358564
0.58 -0.05119570431234077
0.59 -0.056780917509280826
0.6 -0.06309685589192782
0.61 -0.06831703336312156
0.62 -0.0722226318914867
0.63 -0.075787336448351
0.64 -0.08046957005039701
0.65 -0.08346676606864278
0.66 -0.08710144646979412
0.67 -0.08998330575723568
0.68 -0.09106874085350558
0.69 -0.09294232789129975
0.7 -0.09225995033164835
0.71 -0.09254162238346808
0.72 -0.09067102171851538
0.73 -0.08936170791360354
0.74 -0.08369205517874168
0.75 -0.078584725121428
0.76 -0.07227103896004916
0.77 -0.06613920739765966
0.78 -0.05929462663186147
0.79 -0.051990977611120925
0.8 -0.04412546575248477
0.81 -0.03478439733471461
0.82 -0.024365644750935722
0.83 -0.01485657775711946
0.84 -0.004826160203348806
0.85 0.006501406279164179
0.86 0.018222671858922013
0.87 0.030646958502806854
0.88 0.0431736459789942
0.89 0.05471649273429513
0.9 0.06641504525203779
0.91 0.07826266214536837
0.92 0.08769261394995276
0.93 0.09810895046022416
0.94 0.10827722361691805
0.95 0.11962252170921861
0.96 0.1282075011544057
0.97 0.13840281126015253
0.98 0.14808449625192655
0.99 0.1580131135685825
1.0 0.1685494546378914
1.01 0.17796714658254498
1.02 0.18843825129658587
1.03 0.19705573283191669
1.04 0.2082592303310946
1.05 0.21411611738226188
1.06 0.22218367607577516
1.07 0.23030840644205863
1.08 0.23777300969082038
1.09 0.24373946142294933
1.1 0.2489200084257881
1.11 0.2525145665077213
1.12 0.25713720794953865
1.13 0.2594010439301764
1.14 0.2636008497080562
1.15 0.2663290785561303
1.16 0.2678157873470841
1.17 0.26923122284311507
1.18 0.27136019886659746
1.19 0.2734090117141781
1.2 0.2751952438854497
1.21 0.27716909781558385
1.22 0.2793789866645957
1.23 0.28172095122465013
1.24 0.2839554699886149
1.25 0.2861077926597133
1.26 0.2883661737531593
1.27 0.2903294653654642
1.28 0.2923743778676906
1.29 0.29460409367873464
1.3 0.29715082144883453
1.31 0.2996471877908391
1.32 0.30126230744634874
1.33 0.30123566986375394
1.34 0.3000783394069346
1.35 0.2992139878252136
1.36 0.2971249869387753
1.37 0.2955139012003585
1.38 0.2956838051185562
1.39 0.295539817612708
1.4 0.29683199478063393
1.41 0.29651639954641595
1.42 0.296139546787451
1.43 0.2965015662680548
1.44 0.29467405822731596
1.45 0.2930701810540235
1.46 0.29059557344757003
1.47 0.2882585335549912
1.48 0.28597948784634397
