0.0 0.10137277922899823
0.01 0.11310085917109003
0.02 0.1236679631147437
0.03 0.13413875489152716
0.04 0.14407815605683894
0.05 0.15001233748122988
0.06 0.15340866637741968
0.07 0.1554082967219692
0.08 0.1595957019492067
0.09 0.16338217754431117
0.1 0.16982718973864497
0.11 0.17315886390963886
0.12 0.17583737565585178
0.13 0.18099186238562304
0.14 0.18413940391937356
0.15 0.18294558562502594
0.16 0.1817090140450368
0.17 0.17575573712237347
0.18 0.16530630790980894
0.19 0.15131321405819254
0.2 0.13260830480619124
0.21 0.11417641852818239
0.22 0.09201170551858873
0.23 0.06992863317900788
0.24 0.04651474937769606
0.25 0.018684080652482393
0.26 -0.009485195610802855
0.27 -0.03885716256436034
0.28 -0.07308625607848374
0.29 -0.1072982195268084
0.3 -0.14089538525650536
0.31 -0.16969232841790838
0.32 -0.20185123773276992
0.33 -0.23116448183764415
0.34 -0.260540347983758
0.35 -0.2887251498068135
0.36 -0.3153588190557528
0.37 -0.33884682354441154
0.38 -0.3631019304178871
0.39 -0.38597591001944576
0.4 -0.40864738591844585
0.41 -0.42985280159093264
0.42 -0.44886059583425375
0.43 -0.46696945968650816
0.44 -0.48335121729847597
0.45 -0.499417033121043
0.46 -0.5131160219137669
0.47 -0.5230560425691948
0.48 -0.532945504910054
0.49 -0.5438861922704774
0.5 -0.5513694512281191
0.51 -0.5565137744231388
0.52 -0.5618262607771403
0.53 -0.5652127943823846
0.54 -0.5661625760997806
0.55 -0.5646704488323042
0.56 -0.5605867316126618
0.57 -0.5534676460979213
0.58 -0.5466139160359651
0.59 -0.5365387511753239
0.6 -0.5254816099539061
0.61 -0.5171502310052869
0.62 -0.5075194222304251
0.63 -0.5005089778475567
0.64 -0.49582642831120793
0.65 -0.49181062702023937
0.66 -0.48920268754554375
0.67 -0.4867055327921923
0.68 -0.48639856700969375
0.69 -0.48826524418405803
0.7 -0.4915910153384395
0.71 -0.4959087394935331
0.72 -0.5009506535635637
0.73 -0.5068422296516442
0.74 -0.5079567442089692
0.75 -0.5085609900119046
0.76 -0.5067624468000345
0.77 -0.5018201893897505
0.78 -0.49912219793803025
0.79 -0.4990666094404981
0.8 -0.4990757149193712
0.81 -0.49795464021910885
0.82 -0.4937044432087756
0.83 -0.4887547206117535
0.84 -0.47959133144874144
0.85 -0.4709993048477763
0.86 -0.46355022240987154
0.87 -0.45504405521540114
0.88 -0.4464420516376757
0.89 -0.4398839535137542
0.9 -0.43077659281040237
0.91 -0.4220899111511134
0.92 -0.41355593859508843
0.93 -0.4021492063779357
0.94 -0.39007785528236383
0.95 -0.37481984108814803
0.96 -0.3653991612789831
0.97 -0.3515203997421841
0.98 -0.33902906290741885
0.99 -0.32539616400051585
1.0 -0.3099772449643954
1.01 -0.2968309115257739
1.02 -0.2808305220748002
1.03 -0.2668638952043203
1.04 -0.24816816956545384
1.05 -0.23737228175601466
1.06 -0.22275982582088538
1.07 -0.20498826378242718
1.08 -0.18642904583347608
1.09 -0.16841501409973958
1.1 -0.15163464129862358
1.11 -0.1372194494497574
1.12 -0.11938373746455788
1.13 -0.10360510592805916
1.14 -0.08352527380044261
1.15 -0.06680675192400365
1.16 -0.0496139969191427
1.17 -0.03539028579722814
1.18 -0.01955486676340623
1.19 -0.004490519574743779
1.2 0.010526806098900998
1.21 0.02587551658501841
1.22 0.04131040005833153
1.23 0.05711193055546282
1.24 0.07085702728633603
1.25 0.08650516322722446
1.26 0.1007209230513757
1.27 0.11471346504344915
1.28 0.12900714844709338
1.29 0.14323177211116533
1.3 0.15796730035930384
1.31 0.17163801182156035
1.32 0.18331067090299413
1.33 0.19209307624357042
1.34 0.1988642734424726
1.35 0.20410417025415484
1.36 0.20791486863169517
1.37 0.21234466210934944
1.38 0.21803492213518894
1.39 0.2254461518428501
1.4 0.23326375155726264
1.41 0.2376206654246822
1.42 0.24070695755215965
1.43 0.24394282849818616
1.44 0.24138044892200217
1.45 0.23613841416292924
1.46 0.2270095883376868
1.47 0.2152835782051694
1.48 0.19812436875733663
