0.0 -0.48896506199529455
0.01 -0.48417689719243917
0.02 -0.48134104004574674
0.03 -0.4783974947766758
0.04 -0.4790088020550911
0.05 -0.48427458883659646
0.06 -0.4958510010746986
0.07 -0.5079633172777678
0.08 -0.518383913701971
0.09 -0.5261271656184263
0.1 -0.5289848670430892
0.11 -0.5335250241865159
0.12 -0.5343222037331277
0.13 -0.5311414664534393
0.14 -0.5249090403403205
0.15 -0.5163744426537296
0.16 -0.509469412818321
0.17 -0.5074422959297049
0.18 -0.5070846029560325
0.19 -0.5025194168010021
0.2 -0.4980116963032346
0.21 -0.4887252836210454
0.22 -0.4800366485197376
0.23 -0.4687496643099678
0.24 -0.4565342403473345
0.25 -0.44769994279031344
0.26 -0.4370018014958159
0.27 -0.42514811913735695
0.28 -0.41659441184302093
0.29 -0.40561995068712253
0.3 -0.3935356987699743
0.31 -0.37757536480563214
0.32 -0.36590993451121445
0.33 -0.35399395187566984
0.34 -0.33967529163204
0.35 -0.32533902848047713
0.36 -0.3115815037095695
0.37 -0.2950234627643926
0.38 -0.2791616320909567
0.39 -0.2637179665015177
0.4 -0.24707307728963102
0.41 -0.22964938297625181
0.42 -0.21246090722424693
0.43 -0.195085375632722
0.44 -0.17731358334841474
0.45 -0.1602678127750048
0.46 -0.1439222965707012
0.47 -0.12447308507061461
0.48 -0.10620889154656421
0.49 -0.09273356928753351
0.5 -0.07642737058754001
0.51 -0.06143091014406021
0.52 -0.04753281503888385
0.53 -0.034216910760009434
0.54 -0.01969011218760297
0.55 -0.00660491715453837
0.56 0.006491752204314416
0.57 0.019821222204606137
0.58 0.03219238557213355
0.59 0.044795272191451296
0.6 0.057438954255736085
0.61 0.06894387153953119
0.62 0.08134243099639171
0.63 0.09349177876245207
0.64 0.10404881430751445
0.65 0.11445996582347462
0.66 0.1223092324937971
0.67 0.13066622178769727
0.68 0.13799876749398088
0.69 0.1439412159646256
0.7 0.15078878318625488
0.71 0.15700158090536842
0.72 0.16151309855403273
0.73 0.16636668015157063
0.74 0.17366866109779355
0.75 0.18043035679576214
0.76 0.18510093902472313
0.77 0.18836817780522352
0.78 0.18920359653424335
0.79 0.18653992889239035
0.8 0.18239516686504764
0.81 0.17758668796896337
0.82 0.1684539638821434
0.83 0.15482223079140844
0.84 0.13812052460933977
0.85 0.12033835540684024
0.86 0.09848946981395024
0.87 0.07649297269458977
0.88 0.0522344353030153
0.89 0.02529659995151068
0.9 -0.0025374815846728183
0.91 -0.03198528445998594
0.92 -0.06330478095348191
0.93 -0.09173656736298419
0.94 -0.1210240316265967
0.95 -0.1460666629473817
0.96 -0.1758744870394322
0.97 -0.20217400868058366
0.98 -0.22816263381362667
0.99 -0.25401020161344867
1.0 -0.2761185581335672
1.01 -0.3004916495413399
1.02 -0.32282090504173855
1.03 -0.34650994374880995
1.04 -0.36420126269986763
1.05 -0.39191345206126726
1.06 -0.4136713097410363
1.07 -0.43334662285068326
1.08 -0.4518522278590673
1.09 -0.46779675796447684
1.1 -0.4864526689380959
1.11 -0.5045344295025656
1.12 -0.5190233231759578
1.13 -0.532529738644417
1.14 -0.5416763086542415
1.15 -0.5530650349720698
1.16 -0.5604613835630978
1.17 -0.5689526487269623
1.18 -0.5748097584682856
1.19 -0.5777932496559712
1.2 -0.5786217032050196
1.21 -0.5771335292867281
1.22 -0.5733431717763073
1.23 -0.5664430187592453
1.24 -0.5613381907168264
1.25 -0.553243506105435
1.26 -0.5452306322824967
1.27 -0.5375921038531208
1.28 -0.5307829932259223
1.29 -0.5246513767866752
1.3 -0.5188358534028898
1.31 -0.51515310552867
1.32 -0.5148748656766262
1.33 -0.5196128102159729
1.34 -0.5296590118768405
1.35 -0.5421895549167433
1.36 -0.5559357779557477
1.37 -0.5651739838813015
1.38 -0.5708809914265309
1.39 -0.5725673013088759
1.4 -0.5706473060231243
1.41 -0.5683987630298031
1.42 -0.5638676940430827
1.43 -0.553156905285757
1.44 -0.5491338563279493
1.45 -0.5457194006687907
1.46 -0.5419001326656776
1.47 -0.5345070974506863
1.48 -0.5262372864898142
