0.0 0.09778567629026824
0.01 0.0966673064290342
0.02 0.0980144320360985
0.03 0.10182311464692528
0.04 0.10377814391990015
0.05 0.11270927815688836
0.06 0.12194388284998592
0.07 0.13578424878015483
0.08 0.14865027609741066
0.09 0.16358399293107784
0.1 0.17847458753731082
0.11 0.19564090363961828
0.12 0.21495629826323093
0.13 0.23530247693693518
0.14 0.25898916697205987
0.15 0.2863732811382649
0.16 0.31585199138651276
0.17 0.35160082523276515
0.18 0.39154957359692233
0.19 0.4360730202297738
0.2 0.48828353201526475
0.21 0.5365976836991111
0.22 0.5877429969267567
0.23 0.6358308695421266
0.24 0.6851097645564685
0.25 0.7400174327204381
0.26 0.7951940714262893
0.27 0.8503774102879147
0.28 0.9056694836094863
0.29 0.9564676244060317
0.3 1.0035032243128903
0.31 1.044587343172127
0.32 1.085140705473596
0.33 1.1202607382720364
0.34 1.152695530395187
0.35 1.178275795989661
0.36 1.198586892413454
0.37 1.2111002670641824
0.38 1.2212075680732974
0.39 1.2252418009243167
0.4 1.2254600626627132
0.41 1.2199303202245222
0.42 1.2092857262733308
0.43 1.1948993149727132
0.44 1.1771168298097505
0.45 1.1562317245097313
0.46 1.1289256337547107
0.47 1.0977072455140613
0.48 1.063079326669456
0.49 1.0255343206661758
0.5 0.9835427415028324
0.51 0.9371744740372066
0.52 0.8885133753957843
0.53 0.8376543719756251
0.54 0.780992512697102
0.55 0.7204201888603325
0.56 0.6558503457668285
0.57 0.5865554233418457
0.58 0.5160705927917295
0.59 0.44203660295706637
0.6 0.3695193634790801
0.61 0.3026173355763673
0.62 0.2398418634861077
0.63 0.18735180285855257
0.64 0.14323089653416599
0.65 0.10691131158749734
0.66 0.07764383118488549
0.67 0.05525605341689399
0.68 0.04451066696837369
0.69 0.04428328414364291
0.7 0.05555038791197564
0.71 0.07642214070462039
0.72 0.10294784752565711
0.73 0.1365377849772873
0.74 0.17012616595354313
0.75 0.19892772975045414
0.76 0.20295204787982257
0.77 0.20177491239920453
0.78 0.21518451348934686
0.79 0.2406457923484231
0.8 0.2703116113043542
0.81 0.2942148231277839
0.82 0.3103078124946741
0.83 0.32614660658191585
0.84 0.33383485264330126
0.85 0.34074939149521555
0.86 0.34608493117800165
0.87 0.35234299876631603
0.88 0.3570447712124931
0.89 0.3617054413998586
0.9 0.36471239512272113
0.91 0.3651604460115365
0.92 0.3652877491996467
0.93 0.36314374139571015
0.94 0.36000892215168534
0.95 0.3552897030920237
0.96 0.3554508823221738
0.97 0.35180253933582595
0.98 0.3485325386055651
0.99 0.3446528372615454
1.0 0.3406345444733381
1.01 0.3374344910694349
1.02 0.33072362959577983
1.03 0.3258194987790768
1.04 0.3183923416762209
1.05 0.3135536140400461
1.06 0.3067488226764814
1.07 0.29592318456226074
1.08 0.2855166381766647
1.09 0.27432395102581175
1.1 0.2639737647435707
1.11 0.25482421719877113
1.12 0.242425606476373
1.13 0.2308126840102922
1.14 0.2168829138139179
1.15 0.20554649389605117
1.16 0.19336858915440924
1.17 0.18296914099313089
1.18 0.1717023357740901
1.19 0.1617610654377124
1.2 0.15235472005091388
1.21 0.14276149667825155
1.22 0.13363774896977088
1.23 0.12457786305651286
1.24 0.11627725774424391
1.25 0.10872010878661698
1.26 0.10162567089999008
1.27 0.09617849177081972
1.28 0.09079108964198568
1.29 0.08723764361685227
1.3 0.08529026593435773
1.31 0.08569126472195343
1.32 0.08952644339286842
1.33 0.09781319143641376
1.34 0.10724764618863869
1.35 0.11991981853277167
1.36 0.13435078185227756
1.37 0.15027996985011693
1.38 0.1671738146683177
1.39 0.18403176571834212
1.4 0.2021854395152589
1.41 0.22181465490199503
1.42 0.24631945770065578
1.43 0.27251153039782494
1.44 0.30425555071628985
1.45 0.34075470352658765
1.46 0.3799361899987641
1.47 0.42426606471557093
1.48 0.46990109595139806
