0.0 -0.37944258814330567
0.01 -0.39579435874525126
0.02 -0.400636900577545
0.03 -0.39959709050461223
0.04 -0.42922257015469434
0.05 -0.44148514272700723
0.06 -0.4478741208521013
0.07 -0.44079598435364753
0.08 -0.43490955572440093
0.09 -0.4300026688474663
0.1 -0.4183742975802276
0.11 -0.41944979087553635
0.12 -0.41987416000222
0.13 -0.44282802362118057
0.14 -0.4204716603094947
0.15 -0.44618396096504354
0.16 -0.4492744181618149
0.17 -0.4387822057983546
0.18 -0.4552064770184603
0.19 -0.4446115206433876
0.2 -0.4230977175805082
0.21 -0.39318316533449815
0.22 -0.37522120821519866
0.23 -0.3511655157330189
0.24 -0.33739652629143
0.25 -0.33740201149037174
0.26 -0.33354590362564895
0.27 -0.34103100736862535
0.28 -0.3387880395867544
0.29 -0.34088034435761383
0.3 -0.3426099497688031
0.31 -0.3443843903423529
0.32 -0.3454278355196658
0.33 -0.3458431773416901
0.34 -0.34558582617033284
0.35 -0.34705622790280666
0.36 -0.3502919528222761
0.37 -0.3542210214554724
0.38 -0.35335924522044815
0.39 -0.35055900771234727
0.4 -0.3579287910008868
0.41 -0.35519248356071165
0.42 -0.3587174653405798
0.43 -0.3599489379220091
0.44 -0.3563012562591026
0.45 -0.35773869207101994
0.46 -0.3605772086327059
0.47 -0.3607885027333526
0.48 -0.3604954023438949
0.49 -0.3610749002131577
0.5 -0.3641005241108597
0.51 -0.3655387050554051
0.52 -0.367492013206828
0.53 -0.37070364431407876
0.54 -0.37034975673491344
0.55 -0.37313539649597427
0.56 -0.3724184286950405
0.57 -0.3735406943286801
0.58 -0.3760243862749926
0.59 -0.38002737522412877
0.6 -0.3811919426517636
0.61 -0.3831388680186425
0.62 -0.38639982359424696
0.63 -0.3927445113798753
0.64 -0.39628170604862056
0.65 -0.4013755351953763
0.66 -0.41262928062272586
0.67 -0.42105283139915173
0.68 -0.43490189700459103
0.69 -0.45140631447589286
0.7 -0.47068175849665383
0.71 -0.4924716190364915
0.72 -0.5102787699705478
0.73 -0.5380850589493646
0.74 -0.5654470852681204
0.75 -0.592636292816251
0.76 -0.6222453678840822
0.77 -0.665044769196343
0.78 -0.7065305502725012
0.79 -0.7521503365358999
0.8 -0.8040941776818085
0.81 -0.8542822196268918
0.82 -0.9089697778218051
0.83 -0.9624621642035329
0.84 -1.0158051157209371
0.85 -1.0428553221450927
0.86 -1.0929005805734433
0.87 -1.1226183072945561
0.88 -1.1011149347206426
0.89 -1.0526741017833077
0.9 -0.9842796935624327
0.91 -0.8821508166845518
0.92 -0.7857938602622845
0.93 -0.6869166203531654
0.94 -0.5657724383420337
0.95 -0.4458457388057635
0.96 -0.36891939534190055
0.97 -0.3346490524988921
0.98 -0.33004044523204357
0.99 -0.3416341824511582
1.0 -0.3431742450822677
1.01 -0.33769548126150895
1.02 -0.34934847729316587
1.03 -0.3922854116460579
1.04 -0.4113406910896371
1.05 -0.4212412949821376
1.06 -0.4126136974545558
1.07 -0.3914651838512606
1.08 -0.3797089532855855
1.09 -0.37230106073119584
1.1 -0.3630423368477924
1.11 -0.35950028137497414
1.12 -0.35683791111057905
1.13 -0.3580885737816568
1.14 -0.35233634891676324
1.15 -0.3529079605456267
1.16 -0.34891426659327873
1.17 -0.3430458574555266
1.18 -0.3451568706196193
1.19 -0.34888702881796174
1.2 -0.34528964427329667
1.21 -0.34640307799955794
1.22 -0.33649886872369983
1.23 -0.3428472015615305
1.24 -0.3340154041312968
1.25 -0.3372335914567337
1.26 -0.3511411467959782
1.27 -0.3432257905243201
1.28 -0.3622199542092912
1.29 -0.3764534301883673
1.3 -0.3891140501979251
1.31 -0.3954684537966795
1.32 -0.4153628626000945
1.33 -0.43698183121943224
1.34 -0.447408269706127
1.35 -0.45393018610547253
1.36 -0.43460184245804356
1.37 -0.4230731325231698
1.38 -0.41942571039627063
1.39 -0.4134594454086855
1.4 -0.4315937629055826
1.41 -0.45442177901338265
1.42 -0.42886133744703026
1.43 -0.4478829047776616
1.44 -0.45355643286073066
1.45 -0.4479832513918427
1.46 -0.45066987144918835
1.47 -0.4492128039980381
1.48 -0.4197039791424739
