0.0 1.3289877112090083
0.01 1.3310915929138925
0.02 1.3320258702388799
0.03 1.333809513143125
0.04 1.3351820187927728
0.05 1.337080594599287
0.06 1.3383989639022098
0.07 1.3402120842422285
0.08 1.342653874325252
0.09 1.3451255149652073
0.1 1.3478749197317206
0.11 1.3508315816402958
0.12 1.3552522679171304
0.13 1.3586030411841095
0.14 1.3623946273807115
0.15 1.3660291774618316
0.16 1.369303937240311
0.17 1.3728276475903858
0.18 1.3767524315543875
0.19 1.3808740917656648
0.2 1.3841556939079678
0.21 1.3872271042582511
0.22 1.3893515827248533
0.23 1.3909583717664997
0.24 1.3946474621750768
0.25 1.4013950573886667
0.26 1.4082095449497434
0.27 1.413857371564856
0.28 1.4217960727812478
0.29 1.4320580115083943
0.3 1.4436458548756055
0.31 1.456106709709517
0.32 1.4718278331066417
0.33 1.489552888293606
0.34 1.5095664012849461
0.35 1.534633626558735
0.36 1.5606370020827627
0.37 1.5870927684262268
0.38 1.6149357420739978
0.39 1.6433946622694746
0.4 1.6739946053178256
0.41 1.7081997275853853
0.42 1.7462015437725311
0.43 1.7880521010377097
0.44 1.8299046497916596
0.45 1.873273902450781
0.46 1.9188133084587857
0.47 1.9641344801184064
0.48 2.008607451716977
0.49 2.0542233874278493
0.5 2.0991916766364476
0.51 2.142825010312991
0.52 2.1858292644402986
0.53 2.227829045889594
0.54 2.268919376285937
0.55 2.30727821815227
0.56 2.3439428997307608
0.57 2.379069489907723
0.58 2.4110386495199783
0.59 2.4418388095810624
0.6 2.4688374298801223
0.61 2.493284346306534
0.62 2.514937059218597
0.63 2.5363302765975457
0.64 2.5555702138786764
0.65 2.575615928192836
0.66 2.5927662527294704
0.67 2.6095799971941482
0.68 2.623723420748185
0.69 2.635477629348671
0.7 2.649082708141171
0.71 2.66077974845696
0.72 2.6723858362559665
0.73 2.6813385395160267
0.74 2.690720944755312
0.75 2.6997496381008306
0.76 2.7060881660417495
0.77 2.711698851237394
0.78 2.7171646595120396
0.79 2.7220647065081307
0.8 2.7270689564414767
0.81 2.732828620364999
0.82 2.7373496452981643
0.83 2.740780496647704
0.84 2.7440883682685757
0.85 2.74675308312598
0.86 2.7491318474997746
0.87 2.7505576684700466
0.88 2.7527218989730153
0.89 2.7535919946519942
0.9 2.755203813714074
0.91 2.7577595815058613
0.92 2.759313871056961
0.93 2.76062382067927
0.94 2.7617650475327187
0.95 2.762210213969036
0.96 2.7626126732494196
0.97 2.7627951406876186
0.98 2.763004861538895
0.99 2.763427285219423
1.0 2.764435760686472
1.01 2.7655184333413656
1.02 2.7672969209620932
1.03 2.7687348765357624
1.04 2.7704478003193964
1.05 2.771724450541034
1.06 2.7724236466475443
1.07 2.772089542014193
1.08 2.77245252603092
1.09 2.7720766839240896
1.1 2.7716161496078042
1.11 2.7720804512466586
1.12 2.772821263333805
1.13 2.7734807444394916
1.14 2.7738820979429
1.15 2.7749499753569404
1.16 2.775914163619427
1.17 2.777256934921457
1.18 2.7779406133674396
1.19 2.7785511879948506
1.2 2.778579922482398
1.21 2.7775429219977696
1.22 2.7768171707408857
1.23 2.7754973164006387
1.24 2.774362404610872
1.25 2.7741372258742403
1.26 2.7736306428062623
1.27 2.773130299397759
1.28 2.772755606353122
1.29 2.7731311104450675
1.3 2.772461134412317
1.31 2.7720825834210925
1.32 2.7708649782455357
1.33 2.769794005712347
1.34 2.7674584058329033
1.35 2.765669589983868
1.36 2.7631791170408233
1.37 2.7615253559644417
1.38 2.760462412592643
1.39 2.7600970274122063
1.4 2.7609015742931575
1.41 2.7610990127808512
1.42 2.7618767825197255
1.43 2.7623157398073723
1.44 2.7620324957096254
1.45 2.7608788991936386
1.46 2.7597576713792216
1.47 2.7582105478101933
1.48 2.7571353202686524
1.49 2.756411430416687
1.5 2.756909207292698
1.51 2.7578786307991687
1.52 2.7578340090112428
1.53 2.757006926416527
1.54 2.7551082838736605
1.55 2.752593516738123
1.56 2.7496439627011693
1.57 2.7468010233168063
1.58 2.7425386886884575
1.59 2.738517058443056
1.6 2.7351910931223093
1.61 2.734324431804116
1.62 2.733047099139081
1.63 2.7311683520388086
1.64 2.7298256248579853
1.65 2.726660290166813
1.66 2.724600925078676
1.67 2.7214857386982616
1.68 2.719149738254523
1.69 2.716814144669914
1.7 2.7146035230161645
1.71 2.7136068834906797
1.72 2.712695122731459
1.73 2.713552842852863
1.74 2.7143361859089405
1.75 2.7152122097558267
1.76 2.714989335425985
1.77 2.7145294191898133
1.78 2.7142290080359768
1.79 2.712939388787733
1.8 2.7120197866636424
1.81 2.711312375885767
1.82 2.7116222130466334
1.83 2.711149037378663
1.84 2.7109149805882966
1.85 2.7092783103946476
1.86 2.7078499251723467
1.87 2.7061490519791014
1.88 2.7048800576886527
1.89 2.703556435547648
1.9 2.7011210156268537
1.91 2.7006137788503968
1.92 2.699594009801333
1.93 2.69932384374426
1.94 2.7006628688738674
1.95 2.7019968875917186
1.96 2.702835631041483
1.97 2.7021682115800183
1.98 2.7026328058587827
1.99 2.701939539083839
2.0 2.700298848836378
2.01 2.6993349782365983
2.02 2.6957695357921505
2.03 2.692692391216041
2.04 2.688083082709357
2.05 2.681073994578806
2.06 2.671228706018317
2.07 2.658791645261343
2.08 2.6449928437340082
2.09 2.629400615001917
2.1 2.6131434402874
2.11 2.594679822228087
2.12 2.575587304736108
2.13 2.5556436680657053
2.14 2.535803020742544
2.15 2.515359432211737
2.16 2.4922307352443065
2.17 2.4674594403403116
2.18 2.440327121825706
2.19 2.41092655281972
2.2 2.376636574122581
2.21 2.3389057215719187
2.22 2.29807696780746
2.23 2.253745222379286
2.24 2.205061411178644
2.25 2.1565910273191853
2.26 2.105843764334489
2.27 2.055605943139323
2.28 2.0057846608126795
2.29 1.9590870906289437
2.3 1.9084174170353543
2.31 1.8614898022844915
2.32 1.8159879656435534
2.33 1.7730398180844804
2.34 1.7339977952621917
2.35 1.6976177311769067
2.36 1.6660312687188594
2.37 1.6363311890949923
2.38 1.6113490711457192
2.39 1.588575930868037
2.4 1.5699042968096242
2.41 1.5548531604810325
2.42 1.5442911301286375
2.43 1.5363097421750078
2.44 1.5338375933577209
2.45 1.533835592427613
2.46 1.5336886890624442
2.47 1.5342650303203356
2.48 1.5316663977083147
2.49 1.5311096222754452
2.5 1.5286172563573257
2.51 1.528560809370084
2.52 1.530119416519078
2.53 1.5321151561308168
2.54 1.5354650520276207
2.55 1.5388570884967994
2.56 1.5406883679762253
2.57 1.5426631073484067
2.58 1.5434774197304275
2.59 1.5436217812191244
2.6 1.542428175704678
2.61 1.5417334598068066
2.62 1.5399975694878214
2.63 1.5376095155480898
2.64 1.535432192440806
2.65 1.5322954470134813
2.66 1.5321761889584788
2.67 1.5326058293919131
2.68 1.532949066821888
2.69 1.5338691468848502
2.7 1.5336882903589637
2.71 1.5332549457586278
2.72 1.5330952251866954
2.73 1.5331688405354207
2.74 1.5343915009941917
2.75 1.5354933966511983
2.76 1.535128136926097
2.77 1.5352022497328934
2.78 1.5345378294591145
2.79 1.5328088995148441
2.8 1.530175803837734
2.81 1.5278680659031814
2.82 1.5254968105945443
2.83 1.523682967439076
2.84 1.52158651488278
2.85 1.519970953146721
2.86 1.5182232357266003
2.87 1.5150137090827083
2.88 1.5129913664898473
2.89 1.510371196681882
2.9 1.5066520784873934
2.91 1.5035073825777245
2.92 1.4997723547853044
2.93 1.4955850781109423
2.94 1.4910415780819917
2.95 1.4861397653732014
2.96 1.4809976541607468
2.97 1.4778573658864098
2.98 1.47474226852778
2.99 1.4723455004225618
3.0 1.4691929521600389
3.01 1.4668073934908832
3.02 1.4650738607212896
