0.0 0.3001152163218652
0.01 0.298415038582978
0.02 0.2985030132372568
0.03 0.29803284842453426
0.04 0.29865706205216824
0.05 0.29754451186038366
0.06 0.29777456271029923
0.07 0.2972081897367138
0.08 0.29590230832050857
0.09 0.29438357625126255
0.1 0.2931284027459826
0.11 0.2924874876365582
0.12 0.2895131630390857
0.13 0.2883195598152257
0.14 0.2855939020970517
0.15 0.2840193290342583
0.16 0.2816101008921823
0.17 0.2795179460979167
0.18 0.27599340333156164
0.19 0.27131736066579926
0.2 0.2692482833844476
0.21 0.26761644862203227
0.22 0.26673488688960667
0.23 0.27269955538101787
0.24 0.28406418264529965
0.25 0.28435946804198586
0.26 0.285166193891631
0.27 0.29539281318952426
0.28 0.3032223290063474
0.29 0.31066792582906455
0.3 0.31908925235624785
0.31 0.3300916122612554
0.32 0.33677631720563195
0.33 0.3421756459250185
0.34 0.3385593420007007
0.35 0.3259614331359879
0.36 0.3165013936467771
0.37 0.3139680098637614
0.38 0.3108284854812906
0.39 0.31227694131040185
0.4 0.31244128465677434
0.41 0.30964598453010783
0.42 0.3018745157935623
0.43 0.2902058281893023
0.44 0.2785452260161634
0.45 0.2661533550188473
0.46 0.24872960608640682
0.47 0.23453340771330566
0.48 0.2204093241344145
0.49 0.20125746943712297
0.5 0.1794659781532113
0.51 0.1636959183662503
0.52 0.14541077610415254
0.53 0.12955248694283839
0.54 0.11167056657435293
0.55 0.09619801589721622
0.56 0.07789981740397511
0.57 0.06508091242183944
0.58 0.05036181158734809
0.59 0.03727511619737811
0.6 0.029869154341732873
0.61 0.024816044976460283
0.62 0.01851915906024537
0.63 0.011615606883661478
0.64 0.0073929950155724455
0.65 -0.0012304011295762862
0.66 -0.00940506584824874
0.67 -0.017348684640715817
0.68 -0.022897014631358736
0.69 -0.023846862805101843
0.7 -0.02780968241831605
0.71 -0.033398953693152045
0.72 -0.04262462150312363
0.73 -0.04563195123829811
0.74 -0.05071426629893416
0.75 -0.05631656272531327
0.76 -0.05610403749157733
0.77 -0.057955151063859844
0.78 -0.056355588095059694
0.79 -0.056433015398360986
0.8 -0.05748536373813362
0.81 -0.05921532805765928
0.82 -0.061805705520261434
0.83 -0.0632033266487797
0.84 -0.06500027044237289
0.85 -0.06614214837435384
0.86 -0.0674713889628098
0.87 -0.06778068345245902
0.88 -0.06924038252527787
0.89 -0.06935297654262573
0.9 -0.07033565101654737
0.91 -0.07426254918803377
0.92 -0.07715519268516502
0.93 -0.0779152381882291
0.94 -0.07923282220301253
0.95 -0.07883593182534554
0.96 -0.0776244500112675
0.97 -0.07602997835670422
0.98 -0.07380530196165758
0.99 -0.07271382760175005
1.0 -0.072073658941739
1.01 -0.0716036259944195
1.02 -0.07287997057041107
1.03 -0.07393263625091251
1.04 -0.07683022656005267
1.05 -0.07790549189585327
1.06 -0.07791712076954482
1.07 -0.0758216295719647
1.08 -0.07398888786756697
1.09 -0.07115238967594895
1.1 -0.06885737245518087
1.11 -0.06892239766189512
1.12 -0.07005862046005795
1.13 -0.07168583954046959
1.14 -0.07405211029815018
1.15 -0.07656682361011846
1.16 -0.07876104008246454
1.17 -0.08047197423756014
1.18 -0.07990511266898981
1.19 -0.07910247387203917
1.2 -0.07624630926240705
1.21 -0.0723813304215053
1.22 -0.07103540466936753
1.23 -0.06840655310718446
1.24 -0.06808118481417047
1.25 -0.06972910927327192
1.26 -0.07111489372509805
1.27 -0.07260889680954996
1.28 -0.07440409585800278
1.29 -0.07759923604362484
1.3 -0.07743175384882939
1.31 -0.0798517192716961
1.32 -0.07995833423768328
1.33 -0.08114749198120208
1.34 -0.07856688416353919
1.35 -0.07816985906830798
1.36 -0.07730449878631251
1.37 -0.07919612546325272
1.38 -0.08057168083117183
1.39 -0.08310800940344087
1.4 -0.08565577975808125
1.41 -0.08778972559025
1.42 -0.09069439263160728
1.43 -0.09125237871837832
1.44 -0.09069030914837306
1.45 -0.08599640065286973
1.46 -0.0795704812630289
1.47 -0.07431200025454032
1.48 -0.06894183117146291
1.49 -0.06455923017623721
1.5 -0.06392312062744843
1.51 -0.0639014919439278
1.52 -0.0655248450959176
1.53 -0.06703346004567123
1.54 -0.06589775245885576
1.55 -0.06266590509463121
1.56 -0.061859247956109975
1.57 -0.06113542543862316
1.58 -0.05778146227657821
1.59 -0.05527732629680493
1.6 -0.054814704417431415
1.61 -0.060768621556618996
1.62 -0.06538066673919474
1.63 -0.06892842587105008
1.64 -0.07245009524038792
1.65 -0.073034340929647
1.66 -0.07369547130369014
1.67 -0.07249820837065535
1.68 -0.06998556092964492
1.69 -0.06684332050214525
1.7 -0.06302054627668863
1.71 -0.061047783879259576
1.72 -0.05814132887473544
1.73 -0.0568853165112273
1.74 -0.05626064791203156
1.75 -0.05485582903470121
1.76 -0.05281693251399755
1.77 -0.049277876586117486
1.78 -0.04552508354228113
1.79 -0.04075825967271385
1.8 -0.03896665683422906
1.81 -0.03824709324676068
1.82 -0.04159180083328806
1.83 -0.04413797445975565
1.84 -0.04842934963418255
1.85 -0.050567876512250365
1.86 -0.053830415094091144
1.87 -0.05480892784153735
1.88 -0.05666527044185177
1.89 -0.057838989619796166
1.9 -0.0558483923228037
1.91 -0.05510533984279142
1.92 -0.05197494204836861
1.93 -0.05063247913006119
1.94 -0.05027380156786165
1.95 -0.049720752336082974
1.96 -0.04794868842789324
1.97 -0.04434867637857742
1.98 -0.04160670202098782
1.99 -0.0374253256853585
2.0 -0.03259468990921022
2.01 -0.030313172958051915
2.02 -0.02590391519661761
2.03 -0.02409072029805781
2.04 -0.022571015201167555
2.05 -0.01919021233821372
2.06 -0.016828037874383917
2.07 -0.01187011337931132
2.08 -0.01061213204049416
2.09 -0.008950408662442122
2.1 -0.015452572316934976
2.11 -0.015739523257402688
2.12 -0.01586785258833867
2.13 -0.01821677825204482
2.14 -0.017317461482349472
2.15 -0.019616135202166873
2.16 -0.013692737223764517
2.17 -0.009268019719876897
2.18 0.0011409007336995458
2.19 0.013490133450523523
2.2 0.03758022435244257
2.21 0.058740858186169476
2.22 0.08914818345667275
2.23 0.1121439834110749
2.24 0.14283739524073713
2.25 0.16947795804735222
2.26 0.1941483448279504
2.27 0.21008368084574514
2.28 0.22209946474645115
2.29 0.22618665598897536
2.3 0.23994551252695207
2.31 0.2505126087488643
2.32 0.2658162588896289
2.33 0.2787991345920915
2.34 0.293486974334801
2.35 0.3041567865937127
2.36 0.3142749937839966
2.37 0.3235027703851294
2.38 0.3317548319289054
2.39 0.3361470429632263
2.4 0.3372170784999202
2.41 0.33581239270619445
2.42 0.3307826191447232
2.43 0.3233068275830817
2.44 0.30723974847554647
2.45 0.29224233053787874
2.46 0.2845587235302425
2.47 0.2858612347452958
2.48 0.3010578890119042
2.49 0.304118203551095
2.5 0.30656648218047966
2.51 0.3034000814845488
2.52 0.2966871476909345
2.53 0.2889177516563457
2.54 0.27746591866841364
2.55 0.2667715333548424
2.56 0.25951336140132053
2.57 0.2524809894400999
2.58 0.2489109758428958
2.59 0.2466655501060151
2.6 0.24628637264027464
2.61 0.24563815378601994
2.62 0.24709867082115622
2.63 0.2504819569830472
2.64 0.2543576173242128
2.65 0.26004383167769785
2.66 0.2594799828144785
2.67 0.259429112966286
2.68 0.25825102752657614
2.69 0.255370833143278
2.7 0.25532338189451664
2.71 0.2551134597693645
2.72 0.2531372541380721
2.73 0.25123500168913004
2.74 0.24749698547035415
2.75 0.24306961964288298
2.76 0.23966089821079528
2.77 0.2359394307303333
2.78 0.23379497372049762
2.79 0.2338429758189129
2.8 0.23541095024557546
2.81 0.23628450642609522
2.82 0.23691745126062624
2.83 0.23739071761262398
2.84 0.23760211415957322
2.85 0.23669746099243838
2.86 0.23604540688555087
2.87 0.23601123641382404
2.88 0.23518010126340005
2.89 0.23461837535217178
2.9 0.23520556385911195
2.91 0.23694607299890968
2.92 0.23844742796108065
2.93 0.2400041759903484
2.94 0.24278723788393552
2.95 0.2461235724823183
2.96 0.2500431369866787
2.97 0.24965325944275474
2.98 0.25006433586828614
2.99 0.24781893960959867
3.0 0.24555662539196188
3.01 0.24283577732922978
3.02 0.24066427497880838
