0.0 1.1309279008442665
0.01 1.123223247989527
0.02 1.1081160044988847
0.03 1.0951223463297977
0.04 1.073358845580576
0.05 1.0512999733948671
0.06 1.0371540859745467
0.07 1.0207783471910368
0.08 0.9992931270875856
0.09 0.9748649597713817
0.1 0.9509272920797303
0.11 0.9183321993037152
0.12 0.8829343836698031
0.13 0.857817763767037
0.14 0.8516373252817253
0.15 0.8598186470016174
0.16 0.8581067608297648
0.17 0.8479415832246131
0.18 0.849234735674778
0.19 0.8494203466329262
0.2 0.8471168383399021
0.21 0.8400797710370309
0.22 0.8217310161821301
0.23 0.8040523591760778
0.24 0.7934213220320858
0.25 0.7784536738189196
0.26 0.760703125160135
0.27 0.7489042157744343
0.28 0.7342052486363793
0.29 0.727546010773743
0.3 0.7190336222538143
0.31 0.7091201256388677
0.32 0.7010540894567434
0.33 0.6997899843531812
0.34 0.6983282721876698
0.35 0.6927290279632512
0.36 0.6993370446953637
0.37 0.686656521790078
0.38 0.6846838096242047
0.39 0.6779812441385626
0.4 0.6773174674903837
0.41 0.6921569900627738
0.42 0.6848643556082461
0.43 0.6878076796822832
0.44 0.6831228110277463
0.45 0.677445104050042
0.46 0.6802684855012942
0.47 0.6692936849434021
0.48 0.6786479674556443
0.49 0.6838074879201717
0.5 0.6887992780939816
0.51 0.6811843777761228
0.52 0.6905446364415191
0.53 0.6811407431900651
0.54 0.6792698536739814
0.55 0.6800782694244942
0.56 0.676108378137803
0.57 0.6782488090641379
0.58 0.6718026147013689
0.59 0.6700841182012724
0.6 0.6529637723257724
0.61 0.6499876856802111
0.62 0.6519154292389318
0.63 0.650448704576859
0.64 0.659177744928416
0.65 0.6648527378678719
0.66 0.6691718794103361
0.67 0.6691677700265246
0.68 0.6632637339193388
0.69 0.6635033363247897
0.7 0.6501855485247066
0.71 0.6458529062379825
0.72 0.6399794255193854
0.73 0.6369259486879195
0.74 0.6365122461269817
0.75 0.6381585007565609
0.76 0.6452676145433416
0.77 0.6569140370514002
0.78 0.6470554358854756
0.79 0.6515678733941659
0.8 0.6492971334422228
0.81 0.6429906592206187
0.82 0.6342515369285486
0.83 0.6374390386638358
0.84 0.6351181775453907
0.85 0.6336193509882397
0.86 0.6322708362420713
0.87 0.6374661837974593
0.88 0.640718654135187
0.89 0.6432140919074691
0.9 0.6366822947337427
0.91 0.6336807890852043
0.92 0.632055692984054
0.93 0.6126614380636513
0.94 0.6189964403890666
0.95 0.6178948176790118
0.96 0.6134421649407513
0.97 0.628256312137379
0.98 0.637635489629301
0.99 0.6313341824206562
1.0 0.6240226021296738
1.01 0.6162640165759345
1.02 0.616285472204654
1.03 0.6252520596623103
1.04 0.6259255360314335
1.05 0.6216075858806702
1.06 0.6257995687896911
1.07 0.6287091476940421
1.08 0.6232411868835062
1.09 0.6231554254446672
1.1 0.6198346492805462
1.11 0.6229721179581036
1.12 0.6202478279726069
1.13 0.6191762747640346
1.14 0.608741191394544
1.15 0.6103459010412289
1.16 0.6141303170717669
1.17 0.6157050966423578
1.18 0.6261072614279577
1.19 0.6280797461234902
1.2 0.6278578272335897
1.21 0.6324803143340936
1.22 0.6385416445718262
1.23 0.6325239305121246
1.24 0.6268804202176375
1.25 0.621805830259408
1.26 0.6244541162867394
1.27 0.6178275752664999
1.28 0.6290011822065602
1.29 0.642331194266645
1.3 0.633009266061066
1.31 0.6400352423261566
1.32 0.6352420975439883
1.33 0.6186384667475089
1.34 0.623013825149958
1.35 0.6354566648782254
1.36 0.6270956255317208
1.37 0.6364310056761755
1.38 0.6301366699266011
1.39 0.6272923868147959
1.4 0.6345195402463735
1.41 0.6348758649404385
1.42 0.6371963578635906
1.43 0.635069073076477
1.44 0.6363653696338485
1.45 0.6358765142625913
1.46 0.6406107984037854
1.47 0.6334539388383509
1.48 0.6268495260268327
1.49 0.6360606165054432
1.5 0.6251146129924408
1.51 0.6302037180812543
1.52 0.6261827518489875
1.53 0.6254237765761514
1.54 0.6291586202872859
1.55 0.6253666482769975
1.56 0.6201584148900094
1.57 0.6184093695127588
1.58 0.610792751627983
1.59 0.6169240829716389
1.6 0.6157004410356541
1.61 0.6093202929548562
1.62 0.6152197735972211
1.63 0.6184728208932535
1.64 0.6168369394826199
1.65 0.6113788324818223
1.66 0.6117552662821502
1.67 0.6082868864872379
1.68 0.6041280124203658
1.69 0.607201641289774
1.7 0.6125801747226718
1.71 0.612175160937591
1.72 0.6156046535926842
1.73 0.6205578348671539
1.74 0.6244737086103447
1.75 0.6222220051270813
1.76 0.6248617498240114
1.77 0.6229904336899925
1.78 0.6175110070192762
1.79 0.6205560058845627
1.8 0.6191094404964086
1.81 0.6182943647097434
1.82 0.6159548356623423
1.83 0.6193723959318618
1.84 0.6223465147361247
1.85 0.622277584694221
1.86 0.6241102616257126
1.87 0.6235780966364386
1.88 0.6253705731868289
1.89 0.6312843804546042
1.9 0.6266228193102763
1.91 0.624425493311791
1.92 0.6249074732104964
1.93 0.6224450312949865
1.94 0.6199465017745314
1.95 0.6204731752052202
1.96 0.6215634621346315
1.97 0.6230085297753947
1.98 0.6293032294047403
1.99 0.6290733051841988
2.0 0.6269616012414567
2.01 0.6275840274613471
2.02 0.6223226039458232
2.03 0.6179983150329447
2.04 0.6184758509521036
2.05 0.6191375593186548
2.06 0.6187257322980471
2.07 0.6204437345137976
2.08 0.620042103562894
2.09 0.6207693982599451
2.1 0.6298656104155698
2.11 0.6240490854665866
2.12 0.6317812227410036
2.13 0.6358453143383254
2.14 0.634329199836051
2.15 0.6362739610339214
2.16 0.6408773433603767
2.17 0.6502626976123094
2.18 0.6535176352999525
2.19 0.657213882561968
2.2 0.6564420940630376
2.21 0.6628762696050461
2.22 0.656702545676839
2.23 0.6502987891738314
2.24 0.6596866929657978
2.25 0.6501959466845229
2.26 0.657888120673277
2.27 0.6536158869864206
2.28 0.6488512595543088
2.29 0.654402154606347
2.3 0.649192648132094
2.31 0.6416576478092044
2.32 0.6389849558967908
2.33 0.6367160243750067
2.34 0.6371890539677052
2.35 0.6429002061542142
2.36 0.6536136753900217
2.37 0.659108397505042
2.38 0.6677547002243323
2.39 0.6760309992368239
2.4 0.6802778204597253
2.41 0.681630546051045
2.42 0.6764827768800736
2.43 0.6841620623903903
2.44 0.6874905193259155
2.45 0.6881112363023241
2.46 0.6936366272813919
2.47 0.6890503854413641
2.48 0.6977004659806347
2.49 0.6978190948640695
2.5 0.6837027761625896
2.51 0.6733932841732253
2.52 0.6736615357599529
2.53 0.6808602419047931
2.54 0.6909240811650292
2.55 0.6961863022302452
2.56 0.6983655276653868
2.57 0.6987011240592791
2.58 0.6987988939441996
2.59 0.6946519463062879
2.6 0.7056043441566651
2.61 0.7118735025411729
2.62 0.7121442463615235
2.63 0.7168145751538315
2.64 0.7176932437445336
2.65 0.7142376229839167
2.66 0.7113493771087995
2.67 0.7053906387288471
2.68 0.7174689913159105
2.69 0.709858802089606
2.7 0.7087993658732978
2.71 0.7048803254031428
2.72 0.7079573448015122
2.73 0.7118750803286096
2.74 0.7062896410437656
2.75 0.707187387023196
2.76 0.7048798457196437
2.77 0.7052752019066331
2.78 0.6992262740336077
2.79 0.7048190548010416
2.8 0.7215639481681908
2.81 0.7179109393635414
2.82 0.7264277047115337
2.83 0.7354320446728027
2.84 0.734268553587297
2.85 0.7453807804052346
2.86 0.742412364681269
2.87 0.7685595276516901
2.88 0.7743379091829317
2.89 0.7879995590393758
2.9 0.827398465907148
2.91 0.8490978098644932
2.92 0.8489188382813859
2.93 0.9027682291178634
2.94 0.9729389372816044
2.95 1.0257714592778857
2.96 1.0576410887882828
2.97 1.0779375866997931
2.98 1.0892215037230066
2.99 1.0995257287357783
3.0 1.1021405121970655
3.01 1.0995854948817643
3.02 1.09374381728483
