0.0 3.291526514112275
0.01 3.2906439709439286
0.02 3.289791617218003
0.03 3.288757369972646
0.04 3.287561208832092
0.05 3.286676480612757
0.06 3.2860023405472103
0.07 3.2853305915138
0.08 3.2844801442147245
0.09 3.2839749005356764
0.1 3.2826880347215
0.11 3.2813534499443473
0.12 3.279541883141537
0.13 3.277907213677628
0.14 3.276498770490116
0.15 3.275071567354112
0.16 3.2742790661940364
0.17 3.272966125607539
0.18 3.2719944620611736
0.19 3.2712164619291295
0.2 3.270555391270489
0.21 3.26940231407095
0.22 3.2682339596699417
0.23 3.267094147241088
0.24 3.266059774131203
0.25 3.265163293080574
0.26 3.264650568475206
0.27 3.264676049432722
0.28 3.2650251750331614
0.29 3.2654382036729825
0.3 3.265512037251906
0.31 3.2660227962664132
0.32 3.2664111593861636
0.33 3.266541710303311
0.34 3.26698582938948
0.35 3.2666922066547315
0.36 3.266448326121085
0.37 3.2652814262223275
0.38 3.2642469962041236
0.39 3.26346772458528
0.4 3.262709694415131
0.41 3.262078857343255
0.42 3.2610894852897294
0.43 3.2605043723473037
0.44 3.259657628037653
0.45 3.2589272562172287
0.46 3.2579564389324513
0.47 3.2567071688431315
0.48 3.256046224251895
0.49 3.2550953600161474
0.5 3.254337291252977
0.51 3.253448471035877
0.52 3.2528934486963776
0.53 3.2521552665774243
0.54 3.2513651853549534
0.55 3.250835095603906
0.56 3.2501499343261853
0.57 3.2492890215220505
0.58 3.248461532151303
0.59 3.2471427008583653
0.6 3.2460473489592525
0.61 3.2447714164855044
0.62 3.2440038912029303
0.63 3.2436086480593063
0.64 3.242951516397858
0.65 3.241971132660644
0.66 3.241360301926542
0.67 3.240498111099862
0.68 3.2398249742482625
0.69 3.2391443680429015
0.7 3.2378452749964732
0.71 3.2374253253183483
0.72 3.237095919561917
0.73 3.2368657018167655
0.74 3.236979706133984
0.75 3.2364934233122042
0.76 3.236134482446147
0.77 3.2358021265352455
0.78 3.2350251319558967
0.79 3.234509619703789
0.8 3.2338712092270705
0.81 3.2330369554169316
0.82 3.2325370498446064
0.83 3.2320054001432994
0.84 3.231259430694877
0.85 3.2305623158438292
0.86 3.2297978396757054
0.87 3.2290891299373388
0.88 3.228260848554984
0.89 3.2278054824618434
0.9 3.2271320621699915
0.91 3.2264023668812154
0.92 3.2260605803190177
0.93 3.225215744700397
0.94 3.224829088624766
0.95 3.2243899339576956
0.96 3.223803708383925
0.97 3.223095999297148
0.98 3.222532472844704
0.99 3.2219694029623267
1.0 3.2212214112919515
1.01 3.2206830364749415
1.02 3.220073510706185
1.03 3.219411834317322
1.04 3.2192324882349386
1.05 3.2189855354459795
1.06 3.218788756136007
1.07 3.218830311623049
1.08 3.218742225287167
1.09 3.2187080410141866
1.1 3.218793585462519
1.11 3.2186721610646725
1.12 3.2186544865924684
1.13 3.2188588819493438
1.14 3.219141932312794
1.15 3.219237952510288
1.16 3.2193575155494103
1.17 3.2192963341378347
1.18 3.21895999531061
1.19 3.2186836637519156
1.2 3.2183009099410733
1.21 3.217859402720681
1.22 3.2175482725643043
1.23 3.217357067876888
1.24 3.216870552965398
1.25 3.216525133787027
1.26 3.216065012088877
1.27 3.215246695735373
1.28 3.21445262613218
1.29 3.2131729211446496
1.3 3.2119018226685028
1.31 3.2106094625447272
1.32 3.2094344225507916
1.33 3.208235320028921
1.34 3.2074049353716956
1.35 3.2065244105326984
1.36 3.205993307293838
1.37 3.2054099937899725
1.38 3.204673375301801
1.39 3.204024677508557
1.4 3.203135146588245
1.41 3.202450640697125
1.42 3.20196202691391
1.43 3.2012863163479888
1.44 3.200803405270291
1.45 3.2004180066370562
1.46 3.199641135173675
1.47 3.1991113596409186
1.48 3.1981841073970774
1.49 3.197034280161673
1.5 3.1956211982774674
1.51 3.193950397261513
1.52 3.192677789189934
1.53 3.1914008110571865
1.54 3.190115643537748
1.55 3.1886784142650355
1.56 3.1875886895196324
1.57 3.1862634483713976
1.58 3.1851280458276245
1.59 3.1836107486051257
1.6 3.1822503513280616
1.61 3.1806499939267985
1.62 3.1792954724574054
1.63 3.1782082836854717
1.64 3.1767287270318234
1.65 3.1757982898942387
1.66 3.1750652452039954
1.67 3.1746146710973346
1.68 3.174360870196839
1.69 3.1738520122180325
1.7 3.173550337085
1.71 3.1731406853255817
1.72 3.1727165035051783
1.73 3.172036969828558
1.74 3.1715503474837132
1.75 3.171074958824779
1.76 3.170854329708364
1.77 3.1704582540977864
1.78 3.1698929637874507
1.79 3.1694166627509057
1.8 3.16890640100432
1.81 3.168393344238131
1.82 3.167656867485786
1.83 3.1668905705547314
1.84 3.1663618461720615
1.85 3.1660289384784224
1.86 3.1658319385917166
1.87 3.1658259922512424
1.88 3.1658103103038093
1.89 3.1658771894798137
1.9 3.16604419447436
1.91 3.1657495507958395
1.92 3.16545639953658
1.93 3.165066100677441
1.94 3.1643596533997105
1.95 3.1639423746693582
1.96 3.1634109571061786
1.97 3.1631493000639153
1.98 3.1626016564262596
1.99 3.162265106924406
2.0 3.162178033368712
2.01 3.1617217679642198
2.02 3.1615525364764014
2.03 3.1611971977955555
2.04 3.1609763625299903
2.05 3.1604666039662974
2.06 3.160499185740207
2.07 3.1600333995859566
2.08 3.15966345944853
2.09 3.159179757191407
2.1 3.158648962608661
2.11 3.1577344400588445
2.12 3.1565910199493947
2.13 3.155459748566112
2.14 3.1541240848076493
2.15 3.1529913665157108
2.16 3.1520506062546954
2.17 3.1511668236648127
2.18 3.1505658722496586
2.19 3.1499782981139712
2.2 3.1495459492319755
2.21 3.1492824606710674
2.22 3.1488359973111884
2.23 3.149038300735863
2.24 3.1494355663798754
2.25 3.149871551843358
2.26 3.150827861794024
2.27 3.1519018748760885
2.28 3.1529610695579313
2.29 3.1537768427713724
2.3 3.1544890797970875
2.31 3.154601275049689
2.32 3.1545558845476327
2.33 3.1542905165897213
2.34 3.1530754727043755
2.35 3.1527344702426445
2.36 3.1518962863236992
2.37 3.151779620549383
2.38 3.151345421621313
2.39 3.15114762134394
2.4 3.1510506141315124
2.41 3.1506726782634855
2.42 3.1502728846795818
2.43 3.149729564211807
2.44 3.1492468002670013
2.45 3.147929410446477
2.46 3.1471459953880565
2.47 3.146414428645621
2.48 3.1458453431606976
2.49 3.145856199612955
2.5 3.1461397016704864
2.51 3.146646460112795
2.52 3.1472279472825537
2.53 3.1477064135862607
2.54 3.1482425080988916
2.55 3.1485937150703966
2.56 3.1489865166110502
2.57 3.1492489811963864
2.58 3.150013284569563
2.59 3.150608696933927
2.6 3.1518721945376265
2.61 3.153380905486383
2.62 3.1550752850514168
2.63 3.156655716370692
2.64 3.1579530859816374
2.65 3.159190553516868
2.66 3.160064258674738
2.67 3.160578025438039
2.68 3.161342312834398
2.69 3.1621177313417794
2.7 3.1629964632627856
2.71 3.1641164652521767
2.72 3.165461869395389
2.73 3.1668612459188896
2.74 3.1680517925620832
2.75 3.1696352724958134
2.76 3.1719855236713443
2.77 3.1740947622724502
2.78 3.1760225273399816
2.79 3.178291141469037
2.8 3.180453620914264
2.81 3.182512881789628
2.82 3.1847914212890482
2.83 3.186890979556105
2.84 3.188873739764502
2.85 3.1911364395506845
2.86 3.193510288608152
2.87 3.1966124676499006
2.88 3.1994366441872084
2.89 3.202659456968887
2.9 3.205913957445407
2.91 3.208579439332411
2.92 3.211887670456158
2.93 3.2150923280135824
2.94 3.218124333158849
2.95 3.221463880222998
2.96 3.224677160595918
2.97 3.2276305603120394
2.98 3.2309716067202428
2.99 3.2346610172625194
3.0 3.2387532387181843
3.01 3.2424007641652897
3.02 3.245508455889731
