0.0 1.3578420900230048
0.01 1.359459025518623
0.02 1.3635787779520525
0.03 1.3650958569846496
0.04 1.368358552239176
0.05 1.3738346258762086
0.06 1.3751654353262772
0.07 1.3736882118103844
0.08 1.3663524413365238
0.09 1.367869279417619
0.1 1.3671149089387105
0.11 1.3670975970756771
0.12 1.3630993154555466
0.13 1.3617250383805226
0.14 1.354492174069358
0.15 1.343857879951229
0.16 1.329591307939256
0.17 1.3072158577367228
0.18 1.2778126741313893
0.19 1.243526794790144
0.2 1.2065580674096803
0.21 1.1666551815623385
0.22 1.132789489832613
0.23 1.094205927473097
0.24 1.059465941971912
0.25 1.031738078692304
0.26 1.003281551662663
0.27 0.9819187005720917
0.28 0.963408615852674
0.29 0.9475788485452172
0.3 0.9379117581034593
0.31 0.928872112991241
0.32 0.9201975968494236
0.33 0.9101766678485794
0.34 0.9050742474235851
0.35 0.8992916129354716
0.36 0.8866321816436091
0.37 0.8819715611981302
0.38 0.8725236740951092
0.39 0.8664895942318491
0.4 0.8607759601604572
0.41 0.8492452779373862
0.42 0.8484113934979702
0.43 0.8376099223649769
0.44 0.8348770080103174
0.45 0.8281709342590138
0.46 0.823121101891636
0.47 0.826952896701239
0.48 0.8211399399342776
0.49 0.8200735323429029
0.5 0.8161202090898403
0.51 0.8216511871316357
0.52 0.8138077882098327
0.53 0.8175313089961818
0.54 0.8113327139944104
0.55 0.8071673999298317
0.56 0.8093146454239064
0.57 0.8009464061510867
0.58 0.7955948703732298
0.59 0.7896084487344499
0.6 0.7937409294924316
0.61 0.7867986936399287
0.62 0.7817915852671762
0.63 0.7853720389838355
0.64 0.7831970387106835
0.65 0.7812618445141926
0.66 0.7782596791759029
0.67 0.7788979569336605
0.68 0.7786437557638397
0.69 0.7693457147963141
0.7 0.7669721093418604
0.71 0.7579596716205592
0.72 0.7513358787967004
0.73 0.7493213854955778
0.74 0.752268930739068
0.75 0.7507378274457799
0.76 0.7578068382779399
0.77 0.7543490748905319
0.78 0.7610942676203454
0.79 0.7486682681305887
0.8 0.7416093276488498
0.81 0.7310526558945925
0.82 0.7237474608663703
0.83 0.713019168401194
0.84 0.7070211468432106
0.85 0.7077438927848143
0.86 0.7073921661782512
0.87 0.7090919152550579
0.88 0.7032290714823919
0.89 0.6954678316277367
0.9 0.6885657453797087
0.91 0.6741275978021184
0.92 0.6621310199921129
0.93 0.6628491908327798
0.94 0.6515687221543693
0.95 0.6471239361751024
0.96 0.6530831410450921
0.97 0.6444039504853794
0.98 0.6379534508361111
0.99 0.6325569810436278
1.0 0.6263591381024205
1.01 0.6191838902791447
1.02 0.6119652419370256
1.03 0.6072778347570993
1.04 0.6086334642513247
1.05 0.6090940448698494
1.06 0.6036618539130871
1.07 0.5997041513849313
1.08 0.5965249642461443
1.09 0.5931862563813133
1.1 0.5936905774594812
1.11 0.5883634041098764
1.12 0.58521057119582
1.13 0.5795414681238036
1.14 0.579755465852648
1.15 0.577596776596299
1.16 0.575994208722479
1.17 0.5758610251361538
1.18 0.571678972680004
1.19 0.5716740993664855
1.2 0.5720004572094064
1.21 0.5687801596510558
1.22 0.5643072662120088
1.23 0.5646515425658221
1.24 0.5625915029519146
1.25 0.5621469172624347
1.26 0.562628096283297
1.27 0.5643366720094076
1.28 0.5625888196021642
1.29 0.5613068103307839
1.3 0.5609374137364225
1.31 0.5574807697758883
1.32 0.5548431696883931
1.33 0.5590363404786562
1.34 0.5573553243964717
1.35 0.5520556695593983
1.36 0.5556458129757531
1.37 0.5552147235904479
1.38 0.5574515927453523
1.39 0.5570594931742741
1.4 0.5574577008271402
1.41 0.5615308138082331
1.42 0.561822264923479
1.43 0.5649676194286757
1.44 0.5668008656884695
1.45 0.5665886146515287
1.46 0.5644662457249829
1.47 0.5656681294950521
1.48 0.5655936514430997
1.49 0.5641774036289364
1.5 0.567386110610204
1.51 0.5647824219980677
1.52 0.5705772546565315
1.53 0.5726577745385342
1.54 0.5697154957299286
1.55 0.5694027701439643
1.56 0.5703587963690908
1.57 0.5691931606025671
1.58 0.5708041947321032
1.59 0.5694348841428472
1.6 0.569024525850387
1.61 0.5740666031052646
1.62 0.5711902775204014
1.63 0.5671822451606694
1.64 0.5675303661076474
1.65 0.5695944026102691
1.66 0.5699154926980543
1.67 0.5739650891920314
1.68 0.5785448865173977
1.69 0.5806085280322693
1.7 0.5822913663236022
1.71 0.5859921718447962
1.72 0.5870044981550273
1.73 0.5859190070945504
1.74 0.5841022675056284
1.75 0.5854819085875946
1.76 0.5856467188833143
1.77 0.5872786736489455
1.78 0.591066471819309
1.79 0.590123829920179
1.8 0.5891523680473156
1.81 0.5883745369326698
1.82 0.5894693324647178
1.83 0.5892118488354332
1.84 0.5900955104698551
1.85 0.5932517347045692
1.86 0.5946675239689263
1.87 0.5957753190283084
1.88 0.5944284371334945
1.89 0.5913295828501601
1.9 0.5935766260498139
1.91 0.5963399119590145
1.92 0.5961167265874909
1.93 0.5961272103904092
1.94 0.595397194941262
1.95 0.5937572414722831
1.96 0.5929281471142054
1.97 0.5930344583145235
1.98 0.5914800093495942
1.99 0.5913405537282688
2.0 0.5915381219017162
2.01 0.5918965938057346
2.02 0.5946698418343712
2.03 0.5971797320892276
2.04 0.5993701436730938
2.05 0.6011782053500121
2.06 0.6019327958632901
2.07 0.6028718273884244
2.08 0.6044471386035308
2.09 0.6051583593343697
2.1 0.6076104463109337
2.11 0.6181318202181711
2.12 0.6265866502405348
2.13 0.633916640899272
2.14 0.6453895249726718
2.15 0.6532035214008043
2.16 0.6605333999336969
2.17 0.6640237619033331
2.18 0.6730040256956649
2.19 0.6802869563441369
2.2 0.6896577497214995
2.21 0.6915923275718958
2.22 0.7048455929428408
2.23 0.7112351799086314
2.24 0.712410338022627
2.25 0.7253270534221201
2.26 0.7279908606915027
2.27 0.7390137918797639
2.28 0.7499535519894276
2.29 0.756327183590062
2.3 0.769253742586816
2.31 0.7801955956825144
2.32 0.7896979836798552
2.33 0.8096444749169023
2.34 0.8302008030794918
2.35 0.8534326119085027
2.36 0.8779759436162142
2.37 0.9099269169436157
2.38 0.9389445001140513
2.39 0.9631977209937692
2.4 0.9772410190241385
2.41 0.9950633337092389
2.42 1.0165132046303929
2.43 1.0262970821798598
2.44 1.0413756058362416
2.45 1.0601301935933614
2.46 1.0727021914357429
2.47 1.0914237232856392
2.48 1.1055821876401013
2.49 1.1259348251475108
2.5 1.1494464591733355
2.51 1.1647908911807994
2.52 1.175638767614339
2.53 1.1910936085224662
2.54 1.2022249863038112
2.55 1.2178765115010544
2.56 1.2324495926767525
2.57 1.245200762850018
2.58 1.258245871058746
2.59 1.2752941092111287
2.6 1.2853218913819249
2.61 1.2975033226162642
2.62 1.309907552143105
2.63 1.3165330849489192
2.64 1.3278156504642036
2.65 1.3349638627029772
2.66 1.34462236502762
2.67 1.3514832490178845
2.68 1.3601119207897545
2.69 1.3694522273389995
2.7 1.3788517493002792
2.71 1.386913423814609
2.72 1.3927948515629622
2.73 1.3989592280205145
2.74 1.4070976499014876
2.75 1.4093292364620833
2.76 1.4185057432429735
2.77 1.4218101846961813
2.78 1.4284199324858204
2.79 1.4297939490653122
2.8 1.4294768923367274
2.81 1.4323379236445004
2.82 1.4327124175686219
2.83 1.429561279120501
2.84 1.429745386965537
2.85 1.422080037475375
2.86 1.424200024337309
2.87 1.4148538826401
2.88 1.413938721081776
2.89 1.409882197193003
2.9 1.39657985699521
2.91 1.3890308748679336
2.92 1.3903365782288
2.93 1.3889746219951316
2.94 1.3796800076214697
2.95 1.3742321395282935
2.96 1.368413547542299
2.97 1.3706122164611605
2.98 1.378423432052469
2.99 1.3800044842525012
3.0 1.3846005228016702
3.01 1.3878716021394837
3.02 1.3934073668059508
