0.0 0.5605297660256608
0.01 0.5610532660256609
0.02 0.5614892660256608
0.03 0.5621272660256609
0.04 0.5627787660256608
0.05 0.5633277660256609
0.06 0.5637877660256608
0.07 0.5641652660256609
0.08 0.5647647660256608
0.09 0.5652757660256608
0.1 0.5661717660256609
0.11 0.5670812660256608
0.12 0.5681712660256609
0.13 0.5691032660256609
0.14 0.5700472660256608
0.15 0.5708767660256608
0.16 0.5714492660256608
0.17 0.5723417660256608
0.18 0.5731807660256608
0.19 0.5741067660256608
0.2 0.5749347660256608
0.21 0.5759912660256609
0.22 0.5770622660256609
0.23 0.5780092660256608
0.24 0.5789787660256608
0.25 0.5799792660256609
0.26 0.5808882660256608
0.27 0.5818492660256609
0.28 0.5827047660256609
0.29 0.5838652660256609
0.3 0.5848762660256609
0.31 0.5859172660256609
0.32 0.5868482660256609
0.33 0.5878487660256608
0.34 0.5889652660256609
0.35 0.5900372660256609
0.36 0.5910712660256608
0.37 0.5922517660256609
0.38 0.5934387660256608
0.39 0.5944912660256608
0.4 0.5954887660256608
0.41 0.5965962660256608
0.42 0.5977872660256608
0.43 0.5988522660256609
0.44 0.6001162660256608
0.45 0.6014207660256609
0.46 0.6027207660256609
0.47 0.6041512660256608
0.48 0.6052992660256608
0.49 0.6065737660256608
0.5 0.6075947660256609
0.51 0.6086862660256608
0.52 0.6097292660256609
0.53 0.6107372660256608
0.54 0.6115177660256609
0.55 0.6123487660256609
0.56 0.6131697660256609
0.57 0.6140167660256609
0.58 0.6149792660256609
0.59 0.6160377660256608
0.6 0.6170747660256608
0.61 0.6181242660256608
0.62 0.6189687660256608
0.63 0.6196147660256609
0.64 0.6202852660256608
0.65 0.6210032660256608
0.66 0.6216667660256608
0.67 0.6224727660256609
0.68 0.6231537660256609
0.69 0.6238287660256608
0.7 0.6248137660256609
0.71 0.6253827660256608
0.72 0.6258642660256609
0.73 0.626439766025661
0.74 0.6268517660256608
0.75 0.6274977660256608
0.76 0.6281337660256608
0.77 0.6286792660256609
0.78 0.6293717660256609
0.79 0.6298897660256608
0.8 0.6304227660256608
0.81 0.6309277660256608
0.82 0.631348266025661
0.83 0.6318162660256608
0.84 0.6323417660256608
0.85 0.6328642660256608
0.86 0.6334082660256608
0.87 0.6339492660256608
0.88 0.6344052660256608
0.89 0.6347442660256609
0.9 0.6351067660256609
0.91 0.6353872660256609
0.92 0.6355772660256608
0.93 0.6359777660256608
0.94 0.6361677660256608
0.95 0.6364102660256609
0.96 0.636695266025661
0.97 0.6370167660256608
0.98 0.6373052660256608
0.99 0.6375537660256608
1.0 0.6379047660256608
1.01 0.6380517660256609
1.02 0.6382522660256609
1.03 0.6384612660256609
1.04 0.6384197660256609
1.05 0.6384777660256609
1.06 0.6385197660256609
1.07 0.6384667660256608
1.08 0.6383722660256609
1.09 0.6383042660256609
1.1 0.6381917660256609
1.11 0.6381707660256608
1.12 0.6381697660256608
1.13 0.6381337660256609
1.14 0.6380752660256609
1.15 0.6380482660256609
1.16 0.6380632660256608
1.17 0.6380417660256609
1.18 0.6382177660256608
1.19 0.6383147660256608
1.2 0.6385862660256608
1.21 0.6388782660256608
1.22 0.6391337660256607
1.23 0.6393112660256609
1.24 0.6396957660256609
1.25 0.6399597660256608
1.26 0.6402717660256608
1.27 0.6408102660256608
1.28 0.6413127660256609
1.29 0.6419237660256608
1.3 0.6425312660256609
1.31 0.6432092660256609
1.32 0.6437822660256608
1.33 0.6443652660256608
1.34 0.6447932660256609
1.35 0.6451407660256608
1.36 0.6454417660256608
1.37 0.6457447660256609
1.38 0.6461112660256608
1.39 0.6463942660256609
1.4 0.6467317660256608
1.41 0.6470327660256608
1.42 0.6472002660256609
1.43 0.6474422660256608
1.44 0.6476267660256608
1.45 0.6477432660256609
1.46 0.6480937660256608
1.47 0.6483422660256609
1.48 0.6487772660256609
1.49 0.6493567660256608
1.5 0.6499337660256608
1.51 0.6506252660256608
1.52 0.6512062660256609
1.53 0.6518262660256608
1.54 0.6524382660256608
1.55 0.6531832660256608
1.56 0.6537567660256608
1.57 0.6543512660256608
1.58 0.6549312660256609
1.59 0.6555092660256608
1.6 0.6561462660256608
1.61 0.6567792660256608
1.62 0.6573292660256608
1.63 0.6578542660256609
1.64 0.6584792660256609
1.65 0.6589522660256608
1.66 0.6592527660256609
1.67 0.6595022660256609
1.68 0.6595477660256609
1.69 0.6597957660256609
1.7 0.6599037660256609
1.71 0.6599642660256608
1.72 0.660105766025661
1.73 0.6602542660256608
1.74 0.6603132660256609
1.75 0.6602957660256609
1.76 0.6602772660256608
1.77 0.6603652660256608
1.78 0.6605182660256609
1.79 0.6606692660256609
1.8 0.6608632660256608
1.81 0.6610732660256609
1.82 0.6613257660256608
1.83 0.6616747660256609
1.84 0.6618962660256609
1.85 0.6621132660256609
1.86 0.6622292660256609
1.87 0.6622292660256608
1.88 0.6623302660256608
1.89 0.6623857660256608
1.9 0.6624327660256609
1.91 0.662537766025661
1.92 0.6626672660256608
1.93 0.6628457660256608
1.94 0.6630062660256608
1.95 0.6630677660256609
1.96 0.6631537660256609
1.97 0.6632357660256608
1.98 0.6632047660256608
1.99 0.6632117660256608
2.0 0.6631122660256609
2.01 0.6632342660256608
2.02 0.6632897660256608
2.03 0.6633232660256608
2.04 0.6633542660256608
2.05 0.6634947660256608
2.06 0.6637197660256609
2.07 0.6640152660256609
2.08 0.664437766025661
2.09 0.6648112660256609
2.1 0.665246266025661
2.11 0.6657192660256609
2.12 0.6664577660256609
2.13 0.6671827660256608
2.14 0.6679252660256608
2.15 0.668520266025661
2.16 0.6690202660256609
2.17 0.6695297660256608
2.18 0.6699487660256608
2.19 0.6702472660256609
2.2 0.6705577660256609
2.21 0.6707717660256608
2.22 0.6709767660256608
2.23 0.6709182660256608
2.24 0.6707072660256609
2.25 0.6704022660256609
2.26 0.6698787660256608
2.27 0.6692702660256609
2.28 0.6686592660256608
2.29 0.6679687660256609
2.3 0.6673822660256609
2.31 0.666841266025661
2.32 0.6663792660256608
2.33 0.6659172660256608
2.34 0.6656297660256608
2.35 0.6649672660256608
2.36 0.664493266025661
2.37 0.6637987660256609
2.38 0.6632407660256608
2.39 0.6627432660256608
2.4 0.6621987660256609
2.41 0.6617887660256608
2.42 0.6611997660256609
2.43 0.660723766025661
2.44 0.6601912660256609
2.45 0.6597717660256609
2.46 0.6592102660256608
2.47 0.6584457660256609
2.48 0.6578297660256609
2.49 0.6569822660256609
2.5 0.6558307660256608
2.51 0.6547347660256608
2.52 0.6537377660256608
2.53 0.6526587660256609
2.54 0.6515477660256609
2.55 0.6504082660256608
2.56 0.6491062660256609
2.57 0.6478827660256609
2.58 0.6464217660256608
2.59 0.6451912660256608
2.6 0.6437877660256609
2.61 0.642364766025661
2.62 0.6409772660256609
2.63 0.6397892660256609
2.64 0.6385757660256609
2.65 0.6375867660256609
2.66 0.6368007660256608
2.67 0.6361687660256609
2.68 0.6354957660256609
2.69 0.6347607660256608
2.7 0.6340082660256608
2.71 0.6329912660256608
2.72 0.6321102660256609
2.73 0.6311747660256609
2.74 0.6304277660256609
2.75 0.6296547660256608
2.76 0.6284707660256609
2.77 0.627457766025661
2.78 0.6265407660256609
2.79 0.6253032660256609
2.8 0.6240642660256609
2.81 0.6227327660256609
2.82 0.6213417660256607
2.83 0.6200677660256609
2.84 0.6188152660256608
2.85 0.6175657660256609
2.86 0.6161492660256608
2.87 0.6144207660256609
2.88 0.6128352660256607
2.89 0.6110822660256608
2.9 0.6092642660256609
2.91 0.6076142660256608
2.92 0.6057922660256608
2.93 0.6039412660256608
2.94 0.6022332660256609
2.95 0.6004037660256608
2.96 0.5987457660256609
2.97 0.5971742660256608
2.98 0.5954152660256607
2.99 0.5934747660256608
3.0 0.5913572660256609
3.01 0.5894847660256609
3.02 0.5877857660256608
