0.0 -0.14784425551727853
0.01 -0.14604399421197956
0.02 -0.14286485399372717
0.03 -0.14043735125986379
0.04 -0.13930293145255224
0.05 -0.13915482634305354
0.06 -0.13734408888211913
0.07 -0.13604720700166162
0.08 -0.1348422726609697
0.09 -0.13724407986497988
0.1 -0.14190947560611855
0.11 -0.14656741249396665
0.12 -0.15125497655193465
0.13 -0.15563792060741477
0.14 -0.15893328202831114
0.15 -0.16219728921040533
0.16 -0.16383063949929655
0.17 -0.16314446494283663
0.18 -0.16188349502607435
0.19 -0.16049384968036184
0.2 -0.1589670142716879
0.21 -0.158949769189356
0.22 -0.1591648693557759
0.23 -0.15805409056362185
0.24 -0.15795496999742165
0.25 -0.16111799857480502
0.26 -0.1623966193147912
0.27 -0.16583242147908717
0.28 -0.16881174565257773
0.29 -0.1733259772644229
0.3 -0.17709213912106314
0.31 -0.1806495345265331
0.32 -0.1841000274532325
0.33 -0.18717363342889248
0.34 -0.18742712928430416
0.35 -0.19070133218654206
0.36 -0.19209369460035441
0.37 -0.19424852682257798
0.38 -0.1950899001736679
0.39 -0.19651858580307913
0.4 -0.1980616889142337
0.41 -0.1998075032850699
0.42 -0.20206095293017468
0.43 -0.20276546970619114
0.44 -0.2053681496904316
0.45 -0.20652888802201153
0.46 -0.20628583719976
0.47 -0.2054983129947714
0.48 -0.20339855589770783
0.49 -0.19962006929772036
0.5 -0.1971536723721199
0.51 -0.1952616577781372
0.52 -0.19154095555749873
0.53 -0.19346300108303938
0.54 -0.19130709316283667
0.55 -0.19199549930014914
0.56 -0.19771722097895106
0.57 -0.2012395794843851
0.58 -0.20465764644170603
0.59 -0.20790714332014026
0.6 -0.21276272215018155
0.61 -0.2118540335559551
0.62 -0.21043166158769377
0.63 -0.210001145861892
0.64 -0.20802471118342902
0.65 -0.20630750031457845
0.66 -0.20638961338333983
0.67 -0.209393468514802
0.68 -0.21084821551999022
0.69 -0.2136807326389456
0.7 -0.21707516970351914
0.71 -0.21789973964285148
0.72 -0.21507666640783363
0.73 -0.21503836809292753
0.74 -0.21577412264873486
0.75 -0.2135412525910345
0.76 -0.21533807075858213
0.77 -0.21623502825794594
0.78 -0.2183613382656171
0.79 -0.2177031195160506
0.8 -0.2180566235540211
0.81 -0.22030144101449345
0.82 -0.21991767868953982
0.83 -0.21958068803923592
0.84 -0.22006382510528955
0.85 -0.21897544836075644
0.86 -0.22001228828045383
0.87 -0.22223465918908092
0.88 -0.22220287074424583
0.89 -0.2214132562723461
0.9 -0.21830450438211413
0.91 -0.21634693378222414
0.92 -0.21477268233100988
0.93 -0.2147671536493645
0.94 -0.21052626569974597
0.95 -0.20879989962997048
0.96 -0.20698455867717458
0.97 -0.2050826070155436
0.98 -0.2035928414642827
0.99 -0.20203084865650478
1.0 -0.20007176831289852
1.01 -0.19689138589631527
1.02 -0.19588373569291884
1.03 -0.19467621521525924
1.04 -0.19284787201638753
1.05 -0.19160526941651534
1.06 -0.19027028628625464
1.07 -0.18972142190837138
1.08 -0.19072370102621816
1.09 -0.19272173997781783
1.1 -0.19591098047612832
1.11 -0.19766097265144067
1.12 -0.19873886577514144
1.13 -0.19809571719565078
1.14 -0.19702012649038192
1.15 -0.1965373807707853
1.16 -0.19618312025004236
1.17 -0.19626348021934614
1.18 -0.19780088926880568
1.19 -0.20071362072558863
1.2 -0.20553833288442913
1.21 -0.2104934631005051
1.22 -0.21579629272906375
1.23 -0.22102984057260455
1.24 -0.22409080822648297
1.25 -0.22590043925213532
1.26 -0.2265354820352612
1.27 -0.2273614213034323
1.28 -0.22839643783901487
1.29 -0.2306709436261345
1.3 -0.2341938189451791
1.31 -0.23882404785109346
1.32 -0.24258208924226743
1.33 -0.24551654265118739
1.34 -0.24816619692074715
1.35 -0.249326088151423
1.36 -0.25024903049223335
1.37 -0.2506640380457723
1.38 -0.24966497391528497
1.39 -0.24594852874890893
1.4 -0.2444590505895503
1.41 -0.24297097081852836
1.42 -0.2424499273988947
1.43 -0.2439520942905049
1.44 -0.24689138186216608
1.45 -0.24875930126693202
1.46 -0.250810384668811
1.47 -0.2534487155898848
1.48 -0.25478645362809527
1.49 -0.2569257035905248
1.5 -0.25868040087404065
1.51 -0.2592581575534654
1.52 -0.26155620760196285
1.53 -0.26488032786054294
1.54 -0.2674959211475123
1.55 -0.2707785861025189
1.56 -0.2740475074792692
1.57 -0.274618097669161
1.58 -0.2748231008167372
1.59 -0.2748319879465604
1.6 -0.2743181960536103
1.61 -0.2758265674579867
1.62 -0.2770314357263626
1.63 -0.2771107376747848
1.64 -0.27822754803199246
1.65 -0.27962680347712165
1.66 -0.2800948455506713
1.67 -0.2790735541042415
1.68 -0.27741064023410456
1.69 -0.27460148874828194
1.7 -0.271451994071334
1.71 -0.26972973365247643
1.72 -0.2684180089441486
1.73 -0.26726820598600387
1.74 -0.26644159630711073
1.75 -0.26635240282796646
1.76 -0.26662731186214383
1.77 -0.2673778748127629
1.78 -0.2695432593672358
1.79 -0.2718482565221243
1.8 -0.27515562003056626
1.81 -0.2789099746872945
1.82 -0.283558262562877
1.83 -0.28824162518902696
1.84 -0.29220079925365194
1.85 -0.29701334453904593
1.86 -0.3007260352667944
1.87 -0.3016490953568125
1.88 -0.30085058232113626
1.89 -0.29858301422935085
1.9 -0.29649076798295226
1.91 -0.29507912977625805
1.92 -0.2946967029061298
1.93 -0.2954621677218445
1.94 -0.29581440292579364
1.95 -0.29568797946905345
1.96 -0.2966962780708635
1.97 -0.2972364244417438
1.98 -0.2981619679288916
1.99 -0.30039027603976454
2.0 -0.3013224752174102
2.01 -0.302539268046528
2.02 -0.30339806326665153
2.03 -0.30527368582690073
2.04 -0.3067364981294194
2.05 -0.3084593951194279
2.06 -0.3104810520611174
2.07 -0.3133858301368342
2.08 -0.3165722569001188
2.09 -0.31988373317602914
2.1 -0.32345886138843616
2.11 -0.3283839223894969
2.12 -0.33369839338425233
2.13 -0.33798408726666596
2.14 -0.34132125714008454
2.15 -0.34225270890372483
2.16 -0.3424479060710972
2.17 -0.34185989548226514
2.18 -0.34034434205679664
2.19 -0.3375381924204386
2.2 -0.3357768284448839
2.21 -0.3319820424449351
2.22 -0.33080863085270007
2.23 -0.3249849592664922
2.24 -0.31925691630472164
2.25 -0.3145043749502343
2.26 -0.30927111866820445
2.27 -0.3060909488405761
2.28 -0.30336885655007917
2.29 -0.30202299141843536
2.3 -0.3016539113463974
2.31 -0.30080024341398826
2.32 -0.29927108560483573
2.33 -0.302142738446193
2.34 -0.30447399192861146
2.35 -0.30535744075293847
2.36 -0.3052849128613606
2.37 -0.307166664151294
2.38 -0.3062495458086718
2.39 -0.30174925231148375
2.4 -0.29609814870321705
2.41 -0.2897243652068915
2.42 -0.2803032788334012
2.43 -0.27051224441031474
2.44 -0.2636445570871149
2.45 -0.25404071682044194
2.46 -0.24364588793819264
2.47 -0.23581559581112188
2.48 -0.22799952421661152
2.49 -0.22116654192126894
2.5 -0.2182332620186438
2.51 -0.212138670902966
2.52 -0.2066581409719408
2.53 -0.2012873997094835
2.54 -0.19367095905353304
2.55 -0.1882212138328061
2.56 -0.1801964926314623
2.57 -0.177329288699545
2.58 -0.17203289903730212
2.59 -0.1681219636967124
2.6 -0.1644921634687857
2.61 -0.1593807784546719
2.62 -0.15331154037402683
2.63 -0.14158723202782753
2.64 -0.13338887934739452
2.65 -0.12279031428577403
2.66 -0.11369416253425957
2.67 -0.10618164492925741
2.68 -0.10132396943029365
2.69 -0.09181852771794086
2.7 -0.0845134146287978
2.71 -0.07497999804652622
2.72 -0.0664928199418422
2.73 -0.06078795593624653
2.74 -0.05875160152622261
2.75 -0.05455802849511171
2.76 -0.05305874228701457
2.77 -0.052732160209055134
2.78 -0.05039485989307524
2.79 -0.04983229655144772
2.8 -0.05242115892066623
2.81 -0.05416113925502941
2.82 -0.059593824091110914
2.83 -0.0660739588633441
2.84 -0.07285622146352999
2.85 -0.07907600553676497
2.86 -0.08443807908245837
2.87 -0.08861817713965348
2.88 -0.09396751054721086
2.89 -0.09709786765596551
2.9 -0.1020534425045092
2.91 -0.10845264809730981
2.92 -0.1135940132252049
2.93 -0.11746063705564769
2.94 -0.12512194702666557
2.95 -0.13558566800601657
2.96 -0.1496167747103141
2.97 -0.16663399721624206
2.98 -0.18375839387194626
2.99 -0.1885288542355097
3.0 -0.18911760265723165
3.01 -0.18693815912525613
3.02 -0.18320334406448113
