0.0 -2.408669529968537
0.01 -2.4105594900708094
0.02 -2.412633833113529
0.03 -2.4150721513563562
0.04 -2.417179021889804
0.05 -2.419589359895556
0.06 -2.4216141060988092
0.07 -2.4241198205176477
0.08 -2.426450847536566
0.09 -2.428453710170507
0.1 -2.431613283407445
0.11 -2.43483326643192
0.12 -2.4387057010741033
0.13 -2.4436398406443174
0.14 -2.447951347679061
0.15 -2.45286230757501
0.16 -2.4553571886802676
0.17 -2.4601380850289605
0.18 -2.462912702736265
0.19 -2.4645156829976296
0.2 -2.4672099102366096
0.21 -2.4695211745522547
0.22 -2.4721814036017062
0.23 -2.476475004878612
0.24 -2.4796136069682904
0.25 -2.4828601663703123
0.26 -2.4854942260601662
0.27 -2.486270172459085
0.28 -2.486362632208716
0.29 -2.4841498625091885
0.3 -2.4841632069095136
0.31 -2.481840271616795
0.32 -2.4816086231204553
0.33 -2.482046156949353
0.34 -2.481465785652931
0.35 -2.483667162163317
0.36 -2.484886802941371
0.37 -2.4890468719398706
0.38 -2.492598953326226
0.39 -2.496112850296888
0.4 -2.4999113449966393
0.41 -2.5019011824737145
0.42 -2.5038643174266824
0.43 -2.5049357032096213
0.44 -2.505443022806376
0.45 -2.5048711835431776
0.46 -2.504774098331195
0.47 -2.5056657707129877
0.48 -2.5043450291232556
0.49 -2.502629025183208
0.5 -2.500719516494664
0.51 -2.4993264998450546
0.52 -2.496887045770452
0.53 -2.4947912988738015
0.54 -2.4940140338254784
0.55 -2.4921016389089483
0.56 -2.489746290027115
0.57 -2.487747963278125
0.58 -2.484955156005413
0.59 -2.4821124612669596
0.6 -2.47855145379548
0.61 -2.4746015615002306
0.62 -2.4691356168942287
0.63 -2.4644635664713976
0.64 -2.4612155111839518
0.65 -2.4587454712596286
0.66 -2.455277429863224
0.67 -2.453141991791687
0.68 -2.450301740457902
0.69 -2.4481391674138786
0.7 -2.4478419415181984
0.71 -2.446794566549052
0.72 -2.4461308007459226
0.73 -2.445205085392243
0.74 -2.443845092542711
0.75 -2.4438931286027907
0.76 -2.4439944967515723
0.77 -2.4436891433678887
0.78 -2.4441941272472687
0.79 -2.4441983644188587
0.8 -2.444876795441892
0.81 -2.4455415023645015
0.82 -2.445801153165596
0.83 -2.4460461125946273
0.84 -2.4463333832242733
0.85 -2.446883448281131
0.86 -2.4468390775779367
0.87 -2.4469035007306705
0.88 -2.4477355056612584
0.89 -2.4474361545045453
0.9 -2.448330163509549
0.91 -2.449472125432818
0.92 -2.450115258940168
0.93 -2.450973917821085
0.94 -2.4515244717892184
0.95 -2.4522713275387105
0.96 -2.452786181990059
0.97 -2.4530986820447955
0.98 -2.4532182711202353
0.99 -2.4538201329523495
1.0 -2.4541486279925993
1.01 -2.4540521447369397
1.02 -2.4541672241331733
1.03 -2.454382397629648
1.04 -2.4542331019034602
1.05 -2.453652447323201
1.06 -2.4536095850678388
1.07 -2.452790155746017
1.08 -2.4521866288013867
1.09 -2.4515702708956693
1.1 -2.4509960985116592
1.11 -2.450635893748344
1.12 -2.449477046164108
1.13 -2.4484579268314324
1.14 -2.447154043262491
1.15 -2.4467682294219797
1.16 -2.4464146118446686
1.17 -2.4470873653760536
1.18 -2.446977503238716
1.19 -2.447837624685031
1.2 -2.4477307450373247
1.21 -2.446741056930032
1.22 -2.4454120255978253
1.23 -2.444085221188433
1.24 -2.442418962735241
1.25 -2.440957982959375
1.26 -2.440070518544821
1.27 -2.4389904636799953
1.28 -2.4382488399450124
1.29 -2.4384036607147292
1.3 -2.4386072921168016
1.31 -2.4383710872043367
1.32 -2.4384305001284066
1.33 -2.4383788297169584
1.34 -2.437079009157348
1.35 -2.436606811753818
1.36 -2.4356405742001837
1.37 -2.434202870436425
1.38 -2.433581008775067
1.39 -2.4330129604984845
1.4 -2.4330675789992044
1.41 -2.432180700164119
1.42 -2.4322447344114932
1.43 -2.4322924155371983
1.44 -2.4317023671255993
1.45 -2.431099711821642
1.46 -2.4300967407130902
1.47 -2.429310614640143
1.48 -2.4290908671807845
1.49 -2.4287688605282725
1.5 -2.4285692247278527
1.51 -2.4286115687359744
1.52 -2.42712532857561
1.53 -2.425116700118953
1.54 -2.4225568009321554
1.55 -2.4208739380808306
1.56 -2.4186604490560484
1.57 -2.418091839266942
1.58 -2.4166581924169077
1.59 -2.4172010513775324
1.6 -2.4176205776971473
1.61 -2.418589538937333
1.62 -2.4194826512452545
1.63 -2.4198569219947212
1.64 -2.421038967548854
1.65 -2.4204734113368254
1.66 -2.4215527307685325
1.67 -2.421423826980726
1.68 -2.421654700265502
1.69 -2.423027541794758
1.7 -2.4240614996677645
1.71 -2.4254473886147987
1.72 -2.4268519951505514
1.73 -2.4283366987839896
1.74 -2.42892329209281
1.75 -2.4288987541667635
1.76 -2.4276557688670923
1.77 -2.427158224757653
1.78 -2.4259210981924992
1.79 -2.425088628244535
1.8 -2.424517067019969
1.81 -2.422996729876646
1.82 -2.422402950778395
1.83 -2.421708618577408
1.84 -2.4203901257267306
1.85 -2.4186344124495487
1.86 -2.416400060382696
1.87 -2.415018501421678
1.88 -2.414406999501885
1.89 -2.413932396939684
1.9 -2.413961418816823
1.91 -2.4150923768708874
1.92 -2.416768395500289
1.93 -2.417922165630804
1.94 -2.420409959664978
1.95 -2.4220362575169325
1.96 -2.424297265790876
1.97 -2.4251743873231555
1.98 -2.4272607427270296
1.99 -2.4283068022626795
2.0 -2.428728265390733
2.01 -2.429681094763436
2.02 -2.4301696544396565
2.03 -2.4311305820271896
2.04 -2.4320853535329117
2.05 -2.433738021649758
2.06 -2.4345186772532754
2.07 -2.4360616840448612
2.08 -2.437221062836156
2.09 -2.440287081140885
2.1 -2.443666623905948
2.11 -2.449164111170415
2.12 -2.45352225703376
2.13 -2.4604366184193283
2.14 -2.4685383698229764
2.15 -2.476609580900218
2.16 -2.4839076168783336
2.17 -2.4907231346289347
2.18 -2.4973199401499393
2.19 -2.5028245168893526
2.2 -2.506866177806189
2.21 -2.5108815023516198
2.22 -2.5135260340142
2.23 -2.514870585003088
2.24 -2.515941146337426
2.25 -2.51733184526929
2.26 -2.5171018676350814
2.27 -2.517251995902045
2.28 -2.5171801477923674
2.29 -2.517886002542702
2.3 -2.5185997500113895
2.31 -2.5211705196422938
2.32 -2.5244483080156774
2.33 -2.527826643908488
2.34 -2.5325809335720217
2.35 -2.5354760833820587
2.36 -2.5384508434446045
2.37 -2.5386823157315472
2.38 -2.539311602417537
2.39 -2.5374664146607535
2.4 -2.534918589810946
2.41 -2.5306306665073475
2.42 -2.529004940142452
2.43 -2.525131272416769
2.44 -2.5229218241452593
2.45 -2.521706624805249
2.46 -2.518506077964643
2.47 -2.5173247863484085
2.48 -2.5131239677699053
2.49 -2.508447438190961
2.5 -2.5020330679264675
2.51 -2.496938730944587
2.52 -2.4915458758807922
2.53 -2.4870281344600036
2.54 -2.48404601922548
2.55 -2.4818374597769832
2.56 -2.482215309264983
2.57 -2.4822837584684576
2.58 -2.4828098167049157
2.59 -2.4816819968991575
2.6 -2.4805917074678567
2.61 -2.4784060836069033
2.62 -2.4759069496578747
2.63 -2.473245454482542
2.64 -2.470819716069927
2.65 -2.467793318622809
2.66 -2.4654123603919933
2.67 -2.4640588714315474
2.68 -2.4626136975880177
2.69 -2.4612989342440814
2.7 -2.4598270240437947
2.71 -2.4583501350365284
2.72 -2.456045202775319
2.73 -2.454178572048481
2.74 -2.4523153659632144
2.75 -2.449162477345483
2.76 -2.445223209841721
2.77 -2.441354952109291
2.78 -2.4381418808847957
2.79 -2.435301474547013
2.8 -2.4328546218287954
2.81 -2.4312754743418923
2.82 -2.4295971754415393
2.83 -2.4281815077880124
2.84 -2.4273395787920817
2.85 -2.4260205645140647
2.86 -2.4249290642574413
2.87 -2.4232381103078695
2.88 -2.4218199317079727
2.89 -2.4195682748516236
2.9 -2.4178036853039524
2.91 -2.4168408237306074
2.92 -2.41553428165631
2.93 -2.4152956003432258
2.94 -2.415983869438145
2.95 -2.4148445407065915
2.96 -2.413866651018115
2.97 -2.413627784349542
2.98 -2.413153476018145
2.99 -2.412077942890898
3.0 -2.4120687278316963
3.01 -2.413661170011164
3.02 -2.4159131467101314
