0.0 1.2979531866349565
0.01 1.2993981678972752
0.02 1.3007253165376689
0.03 1.3021825316214768
0.04 1.3031687082157446
0.05 1.305239771287145
0.06 1.3065143549370375
0.07 1.3094634003463081
0.08 1.3128127637760865
0.09 1.315390674589493
0.1 1.318190490405112
0.11 1.3206869279431879
0.12 1.3234190691043777
0.13 1.3254241563334026
0.14 1.327874655253638
0.15 1.3315473418876276
0.16 1.3349532538896614
0.17 1.3393606946031014
0.18 1.3433371117909827
0.19 1.347627423449934
0.2 1.3516505745503085
0.21 1.3550395933804733
0.22 1.35779478080349
0.23 1.360403514625622
0.24 1.3627422841451162
0.25 1.364288505018703
0.26 1.3668958153211612
0.27 1.3689842963843675
0.28 1.370894637800688
0.29 1.3718384454846482
0.3 1.3724549290402748
0.31 1.3719061855950914
0.32 1.3708544915849616
0.33 1.3689292168453826
0.34 1.366342631936515
0.35 1.364396224584957
0.36 1.3621858476673334
0.37 1.3605381555986726
0.38 1.358707177381346
0.39 1.3576559581149796
0.4 1.3573791975319818
0.41 1.357186010840607
0.42 1.3569143364908776
0.43 1.3567535743845345
0.44 1.3574957626319222
0.45 1.3571765615794193
0.46 1.3560859584641856
0.47 1.3562951556134366
0.48 1.356778491261113
0.49 1.3582143016323212
0.5 1.3597258842952744
0.51 1.3609960331310291
0.52 1.3615177708416222
0.53 1.361848275112198
0.54 1.3631152336282186
0.55 1.3639533240442554
0.56 1.3649846596319635
0.57 1.366433972848656
0.58 1.3669738547045536
0.59 1.3677146868531
0.6 1.368163354366641
0.61 1.3689205834131104
0.62 1.3694578802855402
0.63 1.3698910279842695
0.64 1.3708035421091185
0.65 1.3718784049492254
0.66 1.3717090292009582
0.67 1.372616264734821
0.68 1.3719073729386788
0.69 1.37192895560365
0.7 1.3727764511067702
0.71 1.3733379959757368
0.72 1.3742233455525592
0.73 1.374854669144475
0.74 1.374595877723146
0.75 1.3755426194121307
0.76 1.375103945588248
0.77 1.374575911631807
0.78 1.3743261532335374
0.79 1.3742257186448583
0.8 1.374344969014651
0.81 1.3756974945832372
0.82 1.37684148546038
0.83 1.3772570874621866
0.84 1.3779639828767851
0.85 1.3778940575229557
0.86 1.3780576412564525
0.87 1.3784210008780442
0.88 1.3790225183139233
0.89 1.3786942372209299
0.9 1.3783734591978098
0.91 1.377949293542306
0.92 1.3781549278409888
0.93 1.3792476791726829
0.94 1.3809055524109368
0.95 1.381805097920152
0.96 1.38326825615687
0.97 1.3847484774302243
0.98 1.386319304057781
0.99 1.387816589779693
1.0 1.3884630073985775
1.01 1.3884694830036963
1.02 1.3883165316319248
1.03 1.38910906803493
1.04 1.3897367536773055
1.05 1.39113430303849
1.06 1.3934220248737628
1.07 1.394050949479844
1.08 1.3946725469391725
1.09 1.3947760488287586
1.1 1.3945398830152929
1.11 1.3940864785586111
1.12 1.394399209619869
1.13 1.3947250077099929
1.14 1.3955188202244568
1.15 1.396194028452789
1.16 1.3969075977592236
1.17 1.3973157635278755
1.18 1.396864236036996
1.19 1.3972953829420889
1.2 1.3989130276600927
1.21 1.4006658946869783
1.22 1.402277416754421
1.23 1.403880457952556
1.24 1.4045316104234047
1.25 1.4056651582870123
1.26 1.4064860006458444
1.27 1.407929685544385
1.28 1.4087422037582722
1.29 1.409364664128713
1.3 1.4104844198509459
1.31 1.4118989827016724
1.32 1.4147633770443386
1.33 1.4163995104124467
1.34 1.417458952624966
1.35 1.4179982391918768
1.36 1.4183849759147504
1.37 1.4183903783563583
1.38 1.4179677162400717
1.39 1.4177440456671904
1.4 1.4179876911594356
1.41 1.418360647881458
1.42 1.4196954821967145
1.43 1.4206599270262967
1.44 1.4221884425344702
1.45 1.4234224663414814
1.46 1.4259778096356865
1.47 1.4280847548770637
1.48 1.429989677800207
1.49 1.4314789572111186
1.5 1.4327464910656333
1.51 1.4341513457730817
1.52 1.4356527362452263
1.53 1.43715165865944
1.54 1.439071619079062
1.55 1.4412542464534384
1.56 1.4438216119108898
1.57 1.4457506636937052
1.58 1.4467527814367922
1.59 1.4478676877709948
1.6 1.4484918150282189
1.61 1.449737724006524
1.62 1.4502066464552543
1.63 1.4510631522470754
1.64 1.4515984601890648
1.65 1.4525621033648068
1.66 1.4534640535054835
1.67 1.454121121521879
1.68 1.4553328219811004
1.69 1.4574796012566424
1.7 1.458603113074472
1.71 1.4597075021832793
1.72 1.4608572700142766
1.73 1.4619873212884853
1.74 1.4631423941367232
1.75 1.4643600802896661
1.76 1.4643427959107251
1.77 1.4654698741036452
1.78 1.4660978295258937
1.79 1.466594455946737
1.8 1.4677493408264057
1.81 1.468505574310257
1.82 1.469879338687607
1.83 1.4709841143900007
1.84 1.4712048830936633
1.85 1.470004576677359
1.86 1.4700675751757992
1.87 1.4714991030485502
1.88 1.4720676725406974
1.89 1.4737073104332707
1.9 1.474453127275869
1.91 1.4751325897350234
1.92 1.4762310160959573
1.93 1.4759716122102269
1.94 1.4772441703659176
1.95 1.4785304191451507
1.96 1.4805034270657305
1.97 1.4821019301971519
1.98 1.4831298987067107
1.99 1.4841051452653273
2.0 1.484804825721902
2.01 1.4864730279310439
2.02 1.4881440627008136
2.03 1.4896346372662608
2.04 1.4905190426469654
2.05 1.4906349313635512
2.06 1.49154536743188
2.07 1.4921097328897241
2.08 1.4936245491607005
2.09 1.4949967089591785
2.1 1.4976305847196634
2.11 1.4998325480560264
2.12 1.501596308606456
2.13 1.5025303994205665
2.14 1.5036923795562087
2.15 1.5047050991886475
2.16 1.505930854929355
2.17 1.507817006732683
2.18 1.509616876713551
2.19 1.5118894243790781
2.2 1.5132788706242852
2.21 1.5136124965186037
2.22 1.5139986330045154
2.23 1.5117512042640433
2.24 1.5092407760752677
2.25 1.5074270978562248
2.26 1.5056443377560225
2.27 1.5034941981561651
2.28 1.5022387769992287
2.29 1.5005345242965422
2.3 1.4983124238397623
2.31 1.496335453888046
2.32 1.4949372580941995
2.33 1.4931580692180888
2.34 1.4923185857423782
2.35 1.4899587702614783
2.36 1.4891332697276227
2.37 1.4875748422364783
2.38 1.4876734506338742
2.39 1.4880384164397733
2.4 1.4883230798423375
2.41 1.4885231068498266
2.42 1.4883404598098422
2.43 1.4873786454759177
2.44 1.4856820102298722
2.45 1.4840353949753164
2.46 1.4823090011648894
2.47 1.4823376979482883
2.48 1.4829418799959901
2.49 1.4824790601065985
2.5 1.4808453480904622
2.51 1.4790763786746726
2.52 1.4767108591994855
2.53 1.4739908029700732
2.54 1.4723816632268383
2.55 1.4693688718877214
2.56 1.466365415635361
2.57 1.4632037645882923
2.58 1.4605276829968332
2.59 1.4588613810444193
2.6 1.456428169031676
2.61 1.4555067949268077
2.62 1.4555043167249093
2.63 1.4544384249610345
2.64 1.4545097599334205
2.65 1.4538280901405103
2.66 1.453148120936783
2.67 1.4520316508541433
2.68 1.4512129793936204
2.69 1.4501114646730766
2.7 1.4487742749188706
2.71 1.4462256976117875
2.72 1.442904022022229
2.73 1.4407453905242082
2.74 1.4394994731735449
2.75 1.438595802466502
2.76 1.4363615781418893
2.77 1.435434986268056
2.78 1.4339164616958775
2.79 1.4316557219614934
2.8 1.4296168133601137
2.81 1.4271573978900545
2.82 1.4243034283773413
2.83 1.4214239878650985
2.84 1.4185833347159251
2.85 1.41633257209616
2.86 1.4130787258610815
2.87 1.4096877682192361
2.88 1.407057403080111
2.89 1.403358546846699
2.9 1.3987242183971622
2.91 1.3953455685918885
2.92 1.3918835165427295
2.93 1.3889642123585992
2.94 1.3862992957404114
2.95 1.3835937990432492
2.96 1.3804132420921786
2.97 1.3780507593484237
2.98 1.3754254917664634
2.99 1.3718477109872929
3.0 1.3671813444634435
3.01 1.3629770384492432
3.02 1.359348440635204
