0.0 1.1501652004335314
0.01 1.1559088439732905
0.02 1.162593192891113
0.03 1.167763420916244
0.04 1.1750110163144063
0.05 1.1796243720096138
0.06 1.1881360360094266
0.07 1.195381157630269
0.08 1.19765783648561
0.09 1.2010222990716937
0.1 1.2010773986545829
0.11 1.2006527372282516
0.12 1.2010343205566327
0.13 1.199147941068011
0.14 1.2000530117119386
0.15 1.1984086318559672
0.16 1.1987606277941847
0.17 1.1993774221980154
0.18 1.1995975189497239
0.19 1.1996959790387995
0.2 1.1998024153391942
0.21 1.198357075889258
0.22 1.2004471017342944
0.23 1.1992810906321711
0.24 1.1986329853001445
0.25 1.1990999874274744
0.26 1.1963126060909808
0.27 1.1975689945807462
0.28 1.1954069837521626
0.29 1.1951540032752819
0.3 1.1904100976912355
0.31 1.1928457059874846
0.32 1.1888375722190059
0.33 1.1891076873433262
0.34 1.1886288110558612
0.35 1.1841178326620296
0.36 1.1781653832273236
0.37 1.1728337828034388
0.38 1.1679825091062614
0.39 1.1622547058639991
0.4 1.1588934193533005
0.41 1.1526828475362416
0.42 1.1492636356348838
0.43 1.1398420082835177
0.44 1.132340103475907
0.45 1.121335080736218
0.46 1.1159991323524414
0.47 1.1151152394348554
0.48 1.113459523985612
0.49 1.1122956914991695
0.5 1.1120932784307005
0.51 1.1181737654113615
0.52 1.1168238565455875
0.53 1.122083349994556
0.54 1.1288102760560994
0.55 1.1332681210487188
0.56 1.1388542225256977
0.57 1.1448166005755933
0.58 1.1477566559565755
0.59 1.153528420449768
0.6 1.1555440610722139
0.61 1.1545443262576924
0.62 1.1584815400489559
0.63 1.159493886668817
0.64 1.1639453117193455
0.65 1.162313358299305
0.66 1.1630540836516694
0.67 1.1632761665120457
0.68 1.1659931693619967
0.69 1.1660765017091403
0.7 1.167633867594236
0.71 1.1713237028410521
0.72 1.173577892246768
0.73 1.174193511521901
0.74 1.1731461944141035
0.75 1.1778373574849308
0.76 1.184506526857671
0.77 1.1876882532285142
0.78 1.1914441952486472
0.79 1.1918897805572488
0.8 1.19283103972582
0.81 1.1955931036783713
0.82 1.1947844989132186
0.83 1.1947096737932474
0.84 1.1939674630309831
0.85 1.191295142440703
0.86 1.1896533421396525
0.87 1.186732644906411
0.88 1.1861115611148287
0.89 1.1862898598588192
0.9 1.1878984426176293
0.91 1.186501515897823
0.92 1.187537673331855
0.93 1.1880666100048085
0.94 1.1921210207107347
0.95 1.1898017767537281
0.96 1.190600464426149
0.97 1.189346899111337
0.98 1.1912844508537592
0.99 1.1921370051709763
1.0 1.1926886152759408
1.01 1.194940001715299
1.02 1.1975457807229084
1.03 1.202915501582435
1.04 1.2092620653600443
1.05 1.2138749483228777
1.06 1.2222966878337926
1.07 1.2265324452712694
1.08 1.226921939258368
1.09 1.2335799894448467
1.1 1.2337023041901167
1.11 1.2352228886560965
1.12 1.2409484174126222
1.13 1.2413671240146327
1.14 1.2468402888166334
1.15 1.2497267123598217
1.16 1.2522766756517898
1.17 1.2544028477944993
1.18 1.2541640307693278
1.19 1.255622096615041
1.2 1.25747928586037
1.21 1.2572791522843128
1.22 1.260601225909392
1.23 1.260305812201687
1.24 1.261083799593922
1.25 1.266080590832118
1.26 1.2698197624206795
1.27 1.272614265947504
1.28 1.2746205797873165
1.29 1.2791665100182863
1.3 1.2796185317931492
1.31 1.2791832136087038
1.32 1.2773746860590425
1.33 1.2791989316986632
1.34 1.2789196335923396
1.35 1.2815589449725557
1.36 1.2817436729336515
1.37 1.2812770435389647
1.38 1.2809985313583407
1.39 1.2809882127588947
1.4 1.2809563288347343
1.41 1.283903828243985
1.42 1.2837327664412648
1.43 1.28768468909671
1.44 1.2903535644010624
1.45 1.2904895794164242
1.46 1.290467422360737
1.47 1.290758042501185
1.48 1.290788755957406
1.49 1.2917298616279096
1.5 1.2891429067661972
1.51 1.2941242416406311
1.52 1.2974442801038029
1.53 1.3000472277479442
1.54 1.3000703785576917
1.55 1.3025734345941649
1.56 1.3013605956144456
1.57 1.3017474456502143
1.58 1.3012051576884405
1.59 1.2994887743711727
1.6 1.2997646401255682
1.61 1.30083079816293
1.62 1.3022436398847148
1.63 1.3030427930665596
1.64 1.3042932778793164
1.65 1.3035347008876563
1.66 1.3030172748989912
1.67 1.303160559159795
1.68 1.3051544054363182
1.69 1.3053672218299743
1.7 1.3057351897319522
1.71 1.3062776941554475
1.72 1.309867684275762
1.73 1.3130530977750867
1.74 1.3179724618405757
1.75 1.3275847890681858
1.76 1.3321566523203296
1.77 1.3363401569903157
1.78 1.3377870012681887
1.79 1.3409852897886418
1.8 1.346054192236302
1.81 1.3432151250933053
1.82 1.3458240164971613
1.83 1.34437539653306
1.84 1.346953084617124
1.85 1.3476862416896571
1.86 1.350360769553773
1.87 1.3502802524522748
1.88 1.3496927785924937
1.89 1.3492618651659116
1.9 1.3502769887687416
1.91 1.3511165647462322
1.92 1.3559999718831603
1.93 1.3592983503618141
1.94 1.3614822631583516
1.95 1.3614224133661414
1.96 1.3625586806705856
1.97 1.3674217996560873
1.98 1.3678081976047167
1.99 1.374841476855356
2.0 1.379859857309241
2.01 1.3815690043296796
2.02 1.3861495306604459
2.03 1.397466582387402
2.04 1.4035227828847257
2.05 1.4110000046755475
2.06 1.4120091908678365
2.07 1.4144452791017281
2.08 1.4199710878006684
2.09 1.4231894825444584
2.1 1.4261496346721305
2.11 1.4270151705315612
2.12 1.4293593846655401
2.13 1.4292024571900903
2.14 1.4292912957133224
2.15 1.4276278183423177
2.16 1.4306801366984194
2.17 1.4301662498170957
2.18 1.4306166280703128
2.19 1.4289358877891836
2.2 1.429176458952372
2.21 1.4266715968857087
2.22 1.4246371522618677
2.23 1.4236921596525391
2.24 1.4234641598964348
2.25 1.4228230598100584
2.26 1.4236972755417456
2.27 1.4209354793874693
2.28 1.4224237383039835
2.29 1.4275109130148582
2.3 1.4246053348232213
2.31 1.4299767152785572
2.32 1.432810775614012
2.33 1.4338454005255485
2.34 1.436872814845624
2.35 1.4333472356825334
2.36 1.4356722098906483
2.37 1.433055477960668
2.38 1.4328127783075981
2.39 1.434872566721495
2.4 1.4366344484841322
2.41 1.4339578240041133
2.42 1.4363817953539595
2.43 1.4432128669314288
2.44 1.4471907017477568
2.45 1.451075535008691
2.46 1.4582617827976847
2.47 1.464776293399713
2.48 1.4726605326693774
2.49 1.4770138211979864
2.5 1.4774956463910538
2.51 1.4799915248365298
2.52 1.4793797851182822
2.53 1.476364101039211
2.54 1.4734913373961254
2.55 1.4691672157014546
2.56 1.4576116012218732
2.57 1.4571128793671768
2.58 1.4478696231198631
2.59 1.4416016638847848
2.6 1.4352056966521447
2.61 1.4363964729141916
2.62 1.4268564247272346
2.63 1.421537057301279
2.64 1.419025334765875
2.65 1.4172740463073001
2.66 1.419542954198585
2.67 1.417611365734146
2.68 1.4187887848769947
2.69 1.4206762246608644
2.7 1.4210146352021615
2.71 1.4230757957693623
2.72 1.41771623318696
2.73 1.4174420663685146
2.74 1.4189749541080063
2.75 1.418135009391853
2.76 1.414615553611215
2.77 1.410356468106766
2.78 1.4016753977887308
2.79 1.3995892155587564
2.8 1.387655062061751
2.81 1.3838345233483915
2.82 1.3768782604945313
2.83 1.3720386519024474
2.84 1.368773972790498
2.85 1.3612872519629802
2.86 1.3530292942359923
2.87 1.3496898611598978
2.88 1.3469670466236936
2.89 1.342858550759062
2.9 1.3393978069849242
2.91 1.3356609337525676
2.92 1.3326359019119618
2.93 1.3268688979307415
2.94 1.315563618500386
2.95 1.312942674721068
2.96 1.3090303569155806
2.97 1.2983730995217178
2.98 1.293360337415188
2.99 1.2866288406595743
3.0 1.2827230299478876
3.01 1.2783144544119764
3.02 1.2745244031752776
