0.0 0.6892495803774339
0.01 0.686653588218689
0.02 0.6842938312957441
0.03 0.6821727959460433
0.04 0.6802105870304649
0.05 0.6782498506046548
0.06 0.6760086233198841
0.07 0.6731550891921301
0.08 0.6694839049171546
0.09 0.6651786730386298
0.1 0.6609616989324065
0.11 0.6578051948692103
0.12 0.6563815813224152
0.13 0.6567816492605147
0.14 0.6585360939750764
0.15 0.6607344944937128
0.16 0.6623113656887489
0.17 0.6624471156271028
0.18 0.6608183362527189
0.19 0.6576091863046702
0.2 0.6534084392531141
0.21 0.6490305155290392
0.22 0.6452724607861651
0.23 0.6427447602624032
0.24 0.6417660722257899
0.25 0.6422454129968105
0.26 0.6436413037210622
0.27 0.6451508014721123
0.28 0.646098837063378
0.29 0.646152570583717
0.3 0.6452432269784296
0.31 0.6435383951098688
0.32 0.6414442493480008
0.33 0.6394057110981146
0.34 0.6377256725606806
0.35 0.6366041434043543
0.36 0.6361547752922272
0.37 0.6362396804428605
0.38 0.6363663081715427
0.39 0.6358833021834331
0.4 0.634336454725513
0.41 0.6316690748115259
0.42 0.6282517162381067
0.43 0.6248552823318798
0.44 0.6223709787782048
0.45 0.6213653572599878
0.46 0.621872683937331
0.47 0.623325185645744
0.48 0.6246870002889566
0.49 0.6251159470894625
0.5 0.6245917063111617
0.51 0.6237734102671819
0.52 0.6233060969661786
0.53 0.6233214853313092
0.54 0.6235685738612333
0.55 0.6238273718556067
0.56 0.6239962955036553
0.57 0.6239557688350135
0.58 0.6236097942398753
0.59 0.6229613492273431
0.6 0.6220110278527584
0.61 0.620672908172827
0.62 0.6188956456174601
0.63 0.6169017238398471
0.64 0.6152824298687114
0.65 0.614750671219833
0.66 0.6157302727220615
0.67 0.6181552010334816
0.68 0.6215381736843368
0.69 0.6251822776207074
0.7 0.6284172623782496
0.71 0.6306792981044258
0.72 0.6315356307447089
0.73 0.6309157758058137
0.74 0.6293288527667227
0.75 0.627682817258604
0.76 0.6268445382123309
0.77 0.6272783337427472
0.78 0.6288069936304774
0.79 0.6306493944851419
0.8 0.6319203762895609
0.81 0.6321505550744688
0.82 0.6314655741541433
0.83 0.6305202895715865
0.84 0.630028313267764
0.85 0.6301690799835429
0.86 0.6306328662139897
0.87 0.6310949960543404
0.88 0.6314883470049759
0.89 0.6319799224592102
0.9 0.6327177762017051
0.91 0.6336363859798273
0.92 0.6345657564314515
0.93 0.6353880122093636
0.94 0.6360065164585724
0.95 0.636238724496323
0.96 0.6358513254882552
0.97 0.6347856845447861
0.98 0.6332633507451089
0.99 0.6315784384971144
1.0 0.6299279051208351
1.01 0.6284392807308388
1.02 0.6271618624628652
1.03 0.6260047671971449
1.04 0.62472735195061
1.05 0.6230739618213721
1.06 0.6210085574734778
1.07 0.618790244307553
1.08 0.6168055757477218
1.09 0.6153217165510223
1.1 0.6144105861348828
1.11 0.614048665357827
1.12 0.6140671353145568
1.13 0.6140509297014307
1.14 0.6135706804544943
1.15 0.6125099231236599
1.16 0.6110983430700472
1.17 0.6097866135501508
1.18 0.609109414177011
1.19 0.6094502102117949
1.2 0.6108539034618286
1.21 0.6130971465658632
1.22 0.6158252136431668
1.23 0.6185637368181833
1.24 0.62078395691917
1.25 0.6221077244644846
1.26 0.6224416251889346
1.27 0.6219664299374408
1.28 0.6210556759562675
1.29 0.6201005255150731
1.3 0.6193600679207423
1.31 0.6190007829021607
1.32 0.6191622038038154
1.33 0.6198837104508335
1.34 0.6210394329226689
1.35 0.6224168212744581
1.36 0.6238246159273544
1.37 0.6251009689966742
1.38 0.6260403865837914
1.39 0.626380522830488
1.4 0.6259847015413662
1.41 0.6250163548015801
1.42 0.6238337576304676
1.43 0.6227977790620041
1.44 0.6222141184438996
1.45 0.6222923559510334
1.46 0.6230549534824199
1.47 0.6242723980019833
1.48 0.6254799213338478
1.49 0.6261449051445585
1.5 0.6259217504807637
1.51 0.624791868698432
1.52 0.6230606583626455
1.53 0.6212438987220423
1.54 0.6198281888572108
1.55 0.6190812694094601
1.56 0.6190679722873371
1.57 0.619758517296225
1.58 0.6210938634854055
1.59 0.6229743010362463
1.6 0.625240018191858
1.61 0.6277491737690681
1.62 0.630432044972498
1.63 0.6332619219246602
1.64 0.6363198535268526
1.65 0.6398092672085607
1.66 0.6438004300731701
1.67 0.6479883337423922
1.68 0.6518118871552034
1.69 0.6547906580351555
1.7 0.6566945920948615
1.71 0.6575091769026322
1.72 0.6574332594996077
1.73 0.6568360581580284
1.74 0.6560158951105368
1.75 0.6550376526286654
1.76 0.6538078668991343
1.77 0.6522169906100292
1.78 0.6502430409456639
1.79 0.6479451627296027
1.8 0.6454960491394859
1.81 0.6433312374382831
1.82 0.6420998250458982
1.83 0.6423839140814991
1.84 0.6444686871912788
1.85 0.6482475239676582
1.86 0.6532742549430117
1.87 0.6589678629798299
1.88 0.6647875559845056
1.89 0.670259862043415
1.9 0.6750294421867746
1.91 0.6790201469121215
1.92 0.6824474001941572
1.93 0.6855234741223257
1.94 0.6882072224838822
1.95 0.6902639230585685
1.96 0.6913995822436583
1.97 0.6913463766785481
1.98 0.689977947550994
1.99 0.6875117667068436
2.0 0.6847565452014948
2.01 0.6829976845405898
2.02 0.6833676922277236
2.03 0.6862552269643611
2.04 0.6911977590593033
2.05 0.6971550953837884
