0.0 0.5605243235354321
0.01 0.5610603309080118
0.02 0.5615920603530291
0.03 0.5621213251848234
0.04 0.5626476874401033
0.05 0.5631728344647763
0.06 0.5637068043438535
0.07 0.5642695055907062
0.08 0.5648852264836957
0.09 0.5655735310299635
0.1 0.5663408983894611
0.11 0.5671766585350061
0.12 0.568056083411381
0.13 0.568949686672805
0.14 0.5698338681484628
0.15 0.5706984785052945
0.16 0.571548528022626
0.17 0.5723985814031843
0.18 0.5732637830476536
0.19 0.5741544793301067
0.2 0.5750750071745613
0.21 0.5760230655779083
0.22 0.576990261244656
0.23 0.5779660420686297
0.24 0.5789424135897452
0.25 0.5799159021509057
0.26 0.5808875150454016
0.27 0.5818618556080416
0.28 0.582844574276277
0.29 0.5838387501349053
0.3 0.5848437260894719
0.31 0.5858580577749337
0.32 0.5868828022053029
0.33 0.5879211681938374
0.34 0.5889754970507562
0.35 0.5900454435524225
0.36 0.5911284633020809
0.37 0.5922204600064254
0.38 0.5933170217240515
0.39 0.5944170682602631
0.4 0.5955259098630161
0.41 0.5966535638717361
0.42 0.5978101952285579
0.43 0.5990027340102698
0.44 0.6002322907905279
0.45 0.6014915527150073
0.46 0.6027644414822507
0.47 0.6040292265211719
0.48 0.6052638699371536
0.49 0.6064510045078176
0.5 0.6075802376057311
0.51 0.6086477835220372
0.52 0.6096550351170374
0.53 0.6106085394380106
0.54 0.6115216079470723
0.55 0.6124137703388117
0.56 0.6133059714864421
0.57 0.6142139146166805
0.58 0.6151423809490189
0.59 0.6160826684650673
0.6 0.6170152050221399
0.61 0.6179171092714512
0.62 0.6187717900735157
0.63 0.6195757960610296
0.64 0.6203383099989691
0.65 0.6210742752892928
0.66 0.6217969726647012
0.67 0.6225136440245079
0.68 0.6232244197228642
0.69 0.6239230939752047
0.7 0.6245989948463677
0.71 0.6252425295054022
0.72 0.6258524853212626
0.73 0.6264373869329039
0.74 0.6270101297709224
0.75 0.6275811871504262
0.76 0.6281543094031109
0.77 0.6287266468551095
0.78 0.6292917538676923
0.79 0.6298431823028219
0.8 0.630377755876462
0.81 0.6308970353324633
0.82 0.6314064124362607
0.83 0.6319122047203154
0.84 0.6324176058045231
0.85 0.6329199075789407
0.86 0.6334105823450633
0.87 0.6338778081397651
0.88 0.6343106086769512
0.89 0.6347028619421357
0.9 0.6350548968823736
0.91 0.6353726624774501
0.92 0.6356656047934983
0.93 0.6359437299100477
0.94 0.6362156509938164
0.95 0.6364881822178651
0.96 0.6367651231417242
0.97 0.6370455103630679
0.98 0.6373237353332337
0.99 0.6375910630991767
1.0 0.6378371098690699
1.01 0.6380516438842498
1.02 0.6382263794941367
1.03 0.6383559754982804
1.04 0.6384390569868776
1.05 0.6384783961554112
1.06 0.6384792971570701
1.07 0.6384486722908481
1.08 0.6383954112010972
1.09 0.6383297174030641
1.1 0.6382611535465283
1.11 0.6381967732917544
1.12 0.6381406428187172
1.13 0.6380955872737517
1.14 0.6380658112997497
1.15 0.6380579308563177
1.16 0.6380800513452258
1.17 0.6381399169996412
1.18 0.6382426696857251
1.19 0.6383892114533438
1.2 0.6385761668874788
1.21 0.6387976923848178
1.22 0.6390492188685417
1.23 0.6393309420937913
1.24 0.6396480510676978
1.25 0.6400086778852289
1.26 0.640421122279994
1.27 0.6408896718722061
1.28 0.6414109015094815
1.29 0.6419730862496781
1.3 0.642557797815891
1.31 0.6431425501016319
1.32 0.6437047036441871
1.33 0.6442259720594489
1.34 0.6446961501220327
1.35 0.6451146111987871
1.36 0.6454883364420725
1.37 0.6458271011936384
1.38 0.6461387110704023
1.39 0.6464269735376806
1.4 0.6466926185035508
1.41 0.6469360830190717
1.42 0.6471610825662133
1.43 0.6473769829368167
1.44 0.6475989343592232
1.45 0.6478462110881523
1.46 0.648138610971742
1.47 0.6484920814042825
1.48 0.6489152466624436
1.49 0.6494072049190042
1.5 0.6499580076410059
1.51 0.6505524095134532
1.52 0.6511747204256196
1.53 0.6518121228124523
1.54 0.6524550424155954
1.55 0.6530960713891094
1.56 0.6537302971931338
1.57 0.6543564685643758
1.58 0.6549761789633769
1.59 0.6555909285459224
1.6 0.6561990782022122
1.61 0.6567944048513726
1.62 0.6573667441451857
1.63 0.6579031327760185
1.64 0.6583885898003811
1.65 0.6588088660720601
1.66 0.6591556753212846
1.67 0.6594303500243066
1.68 0.6596427491159141
1.69 0.6598064029522005
1.7 0.6599338617861509
1.71 0.660034986590032
1.72 0.6601166748574561
1.73 0.6601833302693778
1.74 0.6602397019620405
1.75 0.660294401989062
1.76 0.6603600732880088
1.77 0.6604495863544053
1.78 0.6605717465457664
1.79 0.6607296055763184
1.8 0.6609208543195106
1.81 0.6611382947316579
1.82 0.6613699017019087
1.83 0.6615997317942445
1.84 0.6618112001799618
1.85 0.6619919397432503
1.86 0.6621375715386151
1.87 0.6622525079525823
1.88 0.6623472852676077
1.89 0.6624342037486202
1.9 0.6625238529637044
1.91 0.662622630912747
1.92 0.6627309000151318
1.93 0.6628429127717553
1.94 0.6629492189035789
1.95 0.6630404578398044
1.96 0.6631102131813441
1.97 0.663156165701792
1.98 0.6631807726906231
1.99 0.6631914105484524
2.0 0.6631987248745421
2.01 0.6632136708222779
2.02 0.663246058423668
2.03 0.6633061059296036
2.04 0.6634060358584231
2.05 0.6635586878836042
2.06 0.6637745161582232
2.07 0.66405975090486
2.08 0.6644166457485853
2.09 0.6648451220152125
2.1 0.6653436672114469
2.11 0.6659070846995792
2.12 0.6665221595324992
2.13 0.6671661074769772
2.14 0.6678107054704053
2.15 0.6684293353272033
2.16 0.6690018455203541
2.17 0.6695147607992877
2.18 0.6699586484330713
2.19 0.670325307213026
2.2 0.6706050934183164
2.21 0.6707849329946386
2.22 0.6708492406497418
2.23 0.6707845609110273
2.24 0.6705853062851107
2.25 0.6702571747717633
2.26 0.6698177290708336
2.27 0.6692945841734776
2.28 0.6687209136845574
2.29 0.668129436796424
2.3 0.6675465419729195
2.31 0.6669876641141322
2.32 0.6664555291568649
2.33 0.6659419795216076
2.34 0.6654331062668771
2.35 0.6649167937925814
2.36 0.6643887346842023
2.37 0.6638530867240798
2.38 0.6633185638912718
2.39 0.6627931208231794
2.4 0.6622803559752524
2.41 0.6617788365654028
2.42 0.6612830549131777
2.43 0.6607839902798597
2.44 0.6602682715686845
2.45 0.6597177345393898
2.46 0.6591120358044581
2.47 0.6584333194547615
2.48 0.6576694504976028
2.49 0.6568162012471301
2.5 0.6558794721544953
2.51 0.6548730041909521
2.52 0.6538104793651754
2.53 0.6526993801580764
2.54 0.6515409674515916
2.55 0.6503337672449553
2.56 0.6490775107277355
2.57 0.6477760631971006
2.58 0.6464387228418189
2.59 0.645080141511287
2.6 0.6437202842278041
2.61 0.6423849309232222
2.62 0.6411038271270658
2.63 0.6399051541740292
2.64 0.6388093255811281
2.65 0.637823815230948
2.66 0.6369393195703901
2.67 0.6361302622041863
2.68 0.6353618678139792
2.69 0.634600583984642
2.7 0.6338225374878956
2.71 0.633016934815665
2.72 0.632183043843627
2.73 0.6313223347968628
2.74 0.6304314343775727
2.75 0.6295014759390729
2.76 0.6285233593002941
2.77 0.6274913245530959
2.78 0.626401748674918
2.79 0.6252534186740978
2.8 0.6240504051663689
2.81 0.6228017683717655
2.82 0.6215168668365237
2.83 0.6201991349300783
2.84 0.6188420249417751
2.85 0.6174308846277303
2.86 0.6159508356143485
2.87 0.6143952494127851
2.88 0.6127684477410357
2.89 0.6110827689239478
2.9 0.6093544273923375
2.91 0.60759978549158
2.92 0.6058330980658244
2.93 0.6040659344857663
2.94 0.6023055770091817
2.95 0.6005522963489492
2.96 0.5987977562165187
2.97 0.5970264374214159
2.98 0.5952221979951069
2.99 0.5933772029487977
3.0 0.5914950044503037
3.01 0.5895844066730261
3.02 0.5876518336923697
