0.0 -0.13742880616306064
0.01 -0.13837839954186704
0.02 -0.13943916969794756
0.03 -0.14078331482118678
0.04 -0.14260860165445077
0.05 -0.14506873062124814
0.06 -0.14818611874866328
0.07 -0.151803664658821
0.08 -0.15561831196661036
0.09 -0.15927121804466493
0.1 -0.16244092891209316
0.11 -0.16491895098609533
0.12 -0.166664504594364
0.13 -0.1678148986150827
0.14 -0.1686302741108321
0.15 -0.16939488889396337
0.16 -0.17031733451877074
0.17 -0.17145575756022824
0.18 -0.17269000251880318
0.19 -0.17376778582139352
0.2 -0.17441845319060967
0.21 -0.17448177956087862
0.22 -0.17398330527144124
0.23 -0.17310764629047393
0.24 -0.17209440842463009
0.25 -0.17113404738552518
0.26 -0.1703072025301977
0.27 -0.16957135266448997
0.28 -0.1687956943058051
0.29 -0.1678266230648089
0.3 -0.1665454964982045
0.31 -0.1649029825905699
0.32 -0.16293740448398264
0.33 -0.16076235743161726
0.34 -0.15850045054972428
0.35 -0.15619452078735163
0.36 -0.15376535753576004
0.37 -0.15105539449852268
0.38 -0.14794366566596118
0.39 -0.144460360820589
0.4 -0.14081251688731067
0.41 -0.13730124492327045
0.42 -0.13421279600612213
0.43 -0.13176829122044165
0.44 -0.1301063638600053
0.45 -0.129246953321132
0.46 -0.12906794075470618
0.47 -0.12933104361458314
0.48 -0.12974430028299366
0.49 -0.13004428389052824
0.5 -0.13007704775411888
0.51 -0.12984039761191024
0.52 -0.12945831455410284
0.53 -0.1291042635797357
0.54 -0.12892910900193266
0.55 -0.12902286125597007
0.56 -0.1294057355267273
0.57 -0.13004346119166366
0.58 -0.1308711343585247
0.59 -0.13180478457515443
0.6 -0.13273686450397637
0.61 -0.1335343518596237
0.62 -0.13405699730863763
0.63 -0.13419337758883776
0.64 -0.13391065671278302
0.65 -0.13329809117273683
0.66 -0.13256938712790323
0.67 -0.1320135476045472
0.68 -0.13190533554897588
0.69 -0.13240901545046668
0.7 -0.13352399577139673
0.71 -0.13509645381708202
0.72 -0.13689221609810387
0.73 -0.13868971521190465
0.74 -0.1403367088939116
0.75 -0.14176665183471782
0.76 -0.14299322420022476
0.77 -0.1440779144824238
0.78 -0.1450832349126383
0.79 -0.1460425428451071
0.8 -0.14695797161821345
0.81 -0.14781886449816195
0.82 -0.14862370811392278
0.83 -0.14938961346651158
0.84 -0.1501456153709566
0.85 -0.1509151739649255
0.86 -0.1516893046961414
0.87 -0.15240115356998674
0.88 -0.15294125101000855
0.89 -0.153224704894511
0.9 -0.15325741960091888
0.91 -0.15315360944548528
0.92 -0.153102642854253
0.93 -0.15330039455450573
0.94 -0.15387271694770854
0.95 -0.15483544202007238
0.96 -0.15610867106461424
0.97 -0.15756017799272826
0.98 -0.1590553560053185
0.99 -0.1605040358850025
1.0 -0.16188231165738198
1.01 -0.163209836386363
1.02 -0.16449623543413328
1.03 -0.1657027833149245
1.04 -0.16676164772964386
1.05 -0.16763481520385204
1.06 -0.16834925615998886
1.07 -0.16898413011395474
1.08 -0.16963265596424693
1.09 -0.17035356770585475
1.1 -0.17112966191122458
1.11 -0.1718627938394488
1.12 -0.17239634152416228
1.13 -0.17254352237522808
1.14 -0.17213456298925367
1.15 -0.17108685241864752
1.16 -0.16947253287073316
1.17 -0.1675470297055961
1.18 -0.16569856703234764
1.19 -0.1643185060525072
1.2 -0.16366825038025778
1.21 -0.1638160722432973
1.22 -0.16463980150510027
1.23 -0.16587510972997466
1.24 -0.16720675998206636
1.25 -0.16836600767912513
1.26 -0.16918651234614668
1.27 -0.16961853566168505
1.28 -0.1697191889265901
1.29 -0.16961935329407973
1.3 -0.169474171438039
1.31 -0.1694235704824414
1.32 -0.169575833400744
1.33 -0.16999081136708405
1.34 -0.17065053661714114
1.35 -0.17144735016428747
1.36 -0.17221569130800818
1.37 -0.17279739138559336
1.38 -0.17310329059186724
1.39 -0.1731351336614635
1.4 -0.1729605612588534
1.41 -0.17266374294000242
1.42 -0.1723066941802438
1.43 -0.1719275967166749
1.44 -0.17157476427450957
1.45 -0.1713335966677212
1.46 -0.17130237577802276
1.47 -0.171542513425206
1.48 -0.17205476493278038
1.49 -0.1727726712251294
1.5 -0.17355844375359686
1.51 -0.1742342502481642
1.52 -0.17465859553676877
1.53 -0.17479884182273597
1.54 -0.17474879377035712
1.55 -0.17468919592793686
1.56 -0.1748306043235175
1.57 -0.1753668336869718
1.58 -0.1764305355895166
1.59 -0.1780496470038182
1.6 -0.18012769419058605
1.61 -0.18245209479807611
1.62 -0.18472594249402574
1.63 -0.18663017185642694
1.64 -0.18790723940220078
1.65 -0.18843724294782493
1.66 -0.18827045808185394
1.67 -0.18760254372340235
1.68 -0.18670604907866428
1.69 -0.18583109816209742
1.7 -0.18511200221360768
1.71 -0.18453157118899854
1.72 -0.1839480084364018
1.73 -0.1831531593852329
1.74 -0.18193550878199272
1.75 -0.18014047002136513
1.76 -0.17772894590847121
1.77 -0.17481557635642675
1.78 -0.17165839958360696
1.79 -0.16858943271114013
1.8 -0.16590924708531007
1.81 -0.16380181169851493
1.82 -0.16230113341857066
1.83 -0.16129949091544882
1.84 -0.16059878528743177
1.85 -0.1600020529648889
1.86 -0.1594023232201942
1.87 -0.1588158135269464
1.88 -0.15834654549537674
1.89 -0.15812914368305853
1.9 -0.1583012792223295
1.91 -0.15899936854496888
1.92 -0.1603355055765765
1.93 -0.16234096526001274
1.94 -0.1649102161419802
1.95 -0.16778305679100436
1.96 -0.17057440455248818
1.97 -0.17285096408616463
1.98 -0.17424257587882908
1.99 -0.17455302349749635
2.0 -0.1738130454256388
2.01 -0.17223830197672507
2.02 -0.1701274274428597
2.03 -0.16776258292812374
2.04 -0.16534234106446366
2.05 -0.1629572128848884
