0.0 1.3578134396626007
0.01 1.3607875042746005
0.02 1.3637264244972882
0.03 1.3665305697394659
0.04 1.3689911174820026
0.05 1.37081190630864
0.06 1.371748583022848
0.07 1.3718122613209704
0.08 1.3713052906900622
0.09 1.3705720668012047
0.1 1.3696785080997111
0.11 1.3682931714253215
0.12 1.3657477310525739
0.13 1.3611208068867326
0.14 1.3533381416894872
0.15 1.3413346382290436
0.16 1.3242567271033208
0.17 1.3016872013457466
0.18 1.2738351073033791
0.19 1.2415567799660092
0.2 1.2061794168722817
0.21 1.1692371619849329
0.22 1.1322258961724025
0.23 1.0964675348402086
0.24 1.063071836603874
0.25 1.032875278812102
0.26 1.006388854027068
0.27 0.9838191047637568
0.28 0.965091044288855
0.29 0.9498589111082629
0.3 0.9375381548993715
0.31 0.9273888271258186
0.32 0.9186754558414778
0.33 0.9108071177492705
0.34 0.9033436556944165
0.35 0.8959652499020545
0.36 0.8885194150915003
0.37 0.8810191074254998
0.38 0.8735392768339922
0.39 0.8661484685918479
0.4 0.8589181234892651
0.41 0.8519557049199018
0.42 0.8453997007883411
0.43 0.8393978021433663
0.44 0.8341131644130741
0.45 0.8297056871015251
0.46 0.8262522873543006
0.47 0.8236614407936087
0.48 0.8217180380632056
0.49 0.8202244365772522
0.5 0.8190042786432508
0.51 0.8178090910894307
0.52 0.8163482031063651
0.53 0.8143940327012067
0.54 0.8118360382430474
0.55 0.8086790905505703
0.56 0.8050020605077148
0.57 0.8009814163692064
0.58 0.7969534967750636
0.59 0.7932887102628987
0.6 0.7901786673229596
0.61 0.7876528216746288
0.62 0.7857019057363166
0.63 0.7842149326406047
0.64 0.782908491195168
0.65 0.7814498892873272
0.66 0.7795567891668198
0.67 0.7769642491757041
0.68 0.7734674502762018
0.69 0.7691129825766265
0.7 0.764316163548906
0.71 0.7597744666360629
0.72 0.7562426796205863
0.73 0.7542148354260245
0.74 0.753666970569514
0.75 0.754044325550491
0.76 0.7544338549495184
0.77 0.7538051418532743
0.78 0.7513082350868299
0.79 0.7466040819149207
0.8 0.7400396218418352
0.81 0.7324845381313763
0.82 0.7249838901144501
0.83 0.718457227758956
0.84 0.7134270969027461
0.85 0.7097855245464575
0.86 0.7067939191893342
0.87 0.7034086654679679
0.88 0.6987602074701997
0.89 0.6925041616004015
0.9 0.6848978095916105
0.91 0.6766719501891196
0.92 0.668730403398615
0.93 0.6617388357794236
0.94 0.6559142483734064
0.95 0.6510598768421816
0.96 0.6466419373158354
0.97 0.6420430358748752
0.98 0.6369368892821141
0.99 0.6313783659492573
1.0 0.6256490514803548
1.01 0.6201433541784915
1.02 0.6152784946149246
1.03 0.6113187291022557
1.04 0.6081913017828584
1.05 0.6055165783959611
1.06 0.6028901142472325
1.07 0.6001164198123639
1.08 0.5971856967308082
1.09 0.5941362633075391
1.1 0.5909928951880312
1.11 0.587815613239524
1.12 0.5847611789488276
1.13 0.5820341034240983
1.14 0.5797520473583333
1.15 0.5778750358454507
1.16 0.5762562497855943
1.17 0.5747313033867436
1.18 0.5731784452196824
1.19 0.5715256159431288
1.2 0.5697358960730656
1.21 0.5678592728854013
1.22 0.5660820893346323
1.23 0.5646353476759898
1.24 0.5636507406970308
1.25 0.5631047292270761
1.26 0.5628249136637145
1.27 0.5625412167044512
1.28 0.5620105568577474
1.29 0.561131220569751
1.3 0.5599578173329216
1.31 0.5586597645097973
1.32 0.557436311000223
1.33 0.5563985673981255
1.34 0.5555852776625834
1.35 0.5550944007300957
1.36 0.5550649415740305
1.37 0.5555452559659666
1.38 0.556477539629399
1.39 0.5577718585574591
1.4 0.5593348443980308
1.41 0.561032561558763
1.42 0.5626670017688626
1.43 0.5640153527058516
1.44 0.5649074981933757
1.45 0.5653206316353119
1.46 0.5654148546177655
1.47 0.5654389919996503
1.48 0.5656089145250838
1.49 0.5660618630707681
1.5 0.5668363372059186
1.51 0.5678448351947134
1.52 0.5688716351003609
1.53 0.5696557136184413
1.54 0.5700659691432164
1.55 0.5701780947959398
1.56 0.5701564421854957
1.57 0.5701218727494859
1.58 0.5701193258332373
1.59 0.5701369810736936
1.6 0.5701115457098056
1.61 0.5699382479857622
1.62 0.5695993801378005
1.63 0.5693152476199788
1.64 0.5694600549424012
1.65 0.5703278781076819
1.66 0.572009070637169
1.67 0.574375499808808
1.68 0.5771129756806492
1.69 0.579837445847839
1.7 0.5822240967606129
1.71 0.5840516754055134
1.72 0.5852310563263692
1.73 0.5858655416015908
1.74 0.586227171004257
1.75 0.5866011993896381
1.76 0.5871339609774542
1.77 0.5877884949937537
1.78 0.5884031475311926
1.79 0.5888375582954377
1.8 0.5891067146458173
1.81 0.5893639489459175
1.82 0.5897774236907085
1.83 0.590440452723473
1.84 0.59133570436286
1.85 0.5923239374470106
1.86 0.5931977171044895
1.87 0.5938081204782026
1.88 0.5941729214607765
1.89 0.5944556147074094
1.9 0.5947920903568469
1.91 0.5951388629397658
1.92 0.595326586443329
1.93 0.5952189670671424
1.94 0.5947920534203273
1.95 0.5941252477125256
1.96 0.5933571491618985
1.97 0.5926420863911832
1.98 0.5921411181768383
1.99 0.5920183890198438
2.0 0.5924004283811102
2.01 0.5933201415849436
2.02 0.5946796091866213
2.03 0.5962683112417411
2.04 0.5978578766626144
2.05 0.5993221699458959
2.06 0.600717991857473
2.07 0.6023018859220599
2.08 0.604485580242891
2.09 0.6077413991105849
2.1 0.6124374531714714
2.11 0.6186405628259477
2.12 0.6260693654985334
2.13 0.6342469767609593
2.14 0.6426652576405361
2.15 0.6508989579425144
2.16 0.65873257121208
2.17 0.6662086911903566
2.18 0.6734976691189125
2.19 0.6807155365586506
2.2 0.687884834881912
2.21 0.6949988916734302
2.22 0.702031638536806
2.23 0.7089627622248296
2.24 0.7158817381670137
2.25 0.7229856509942767
2.26 0.7304727237460851
2.27 0.7384925387422627
2.28 0.747167298255162
2.29 0.756690645248788
2.3 0.7674237316449544
2.31 0.7798939997455756
2.32 0.7947148535649156
2.33 0.8123828497518191
2.34 0.8330327932114954
2.35 0.856340176986897
2.36 0.8815271810205578
2.37 0.9074003997830857
2.38 0.9325683328900451
2.39 0.9558966920693721
2.4 0.97689950150302
2.41 0.9957175700399428
2.42 1.0128127564728686
2.43 1.0287814336344132
2.44 1.0442719356335912
2.45 1.0598243998417956
2.46 1.075785753101668
2.47 1.092335458069381
2.48 1.1094525204291088
2.49 1.1268438002493726
2.5 1.1439851197144049
2.51 1.160381613959438
2.52 1.1758633036907349
2.53 1.190592284557494
2.54 1.2048471117439083
2.55 1.2188459584062832
2.56 1.2326854361913648
2.57 1.2463648361259314
2.58 1.2598060473778414
2.59 1.2728387703036144
2.6 1.2852484570284828
2.61 1.2968714181697067
2.62 1.307640941955135
2.63 1.3176035492023286
2.64 1.326912732153322
2.65 1.335775017832768
2.66 1.3443882154907767
2.67 1.3528981766558705
2.68 1.3613636053386937
2.69 1.3697329239659064
2.7 1.377865228262284
2.71 1.385610373384286
2.72 1.3928921432661596
2.73 1.3997170985469887
2.74 1.4061167078203805
2.75 1.4120892893867762
2.76 1.4175542025176306
2.77 1.4223378732826424
2.78 1.4262363664151674
2.79 1.429115192096304
2.8 1.4309521540333199
2.81 1.4317734992303537
2.82 1.431582252664985
2.83 1.4303864003195272
2.84 1.428246125908741
2.85 1.4252538420062515
2.86 1.42147983647929
2.87 1.4169570456358151
2.88 1.4117222699360252
2.89 1.4058999495249416
2.9 1.3998069226239616
2.91 1.3938785482692326
2.92 1.388387964915319
2.93 1.3833907152637526
2.94 1.3790326380277396
2.95 1.3757526657842765
2.96 1.3740934243524103
2.97 1.3743424656868646
2.98 1.3763470406569134
2.99 1.3796572320188347
3.0 1.383806568697484
3.01 1.3884378146310858
3.02 1.3932675176856164
