0.0 0.32530759542707033
0.01 0.32479571605862345
0.02 0.3241884837577369
0.03 0.32345125598269675
0.04 0.32259173978871436
0.05 0.32165889054983676
0.06 0.3207602679403454
0.07 0.3200633801298247
0.08 0.31975880972680093
0.09 0.3199963419340883
0.1 0.32081544191771894
0.11 0.32211019758054693
0.12 0.3236584477643585
0.13 0.3251934749382892
0.14 0.32646739692286975
0.15 0.3272795747185038
0.16 0.32749075287411245
0.17 0.32704276191677595
0.18 0.32596836338478674
0.19 0.3243731426663947
0.2 0.3223857658293592
0.21 0.32009495798503496
0.22 0.3175195338444161
0.23 0.3146289194452203
0.24 0.31137076995311697
0.25 0.3076791110138344
0.26 0.3034900733920094
0.27 0.29877230840264035
0.28 0.29353648112461483
0.29 0.2878145703210251
0.3 0.28164137307901926
0.31 0.2750526583069899
0.32 0.2680891146246478
0.33 0.260808738577873
0.34 0.25329928131322
0.35 0.2456586007015038
0.36 0.23795600136757233
0.37 0.23022122613436702
0.38 0.22246533654733636
0.39 0.21470446067391258
0.4 0.2069643861165047
0.41 0.19927019924795086
0.42 0.19163419254185188
0.43 0.1840377124479522
0.44 0.17640971655994653
0.45 0.16862872508450488
0.46 0.16055805549274593
0.47 0.15208795031160438
0.48 0.14316880010234945
0.49 0.13383167699250054
0.5 0.12417788815152253
0.51 0.11435415967868989
0.52 0.10454029799750142
0.53 0.09492689807782595
0.54 0.08568436170838334
0.55 0.07693573591896286
0.56 0.06870956403481276
0.57 0.06090579297738463
0.58 0.05332031051852093
0.59 0.04568980690824409
0.6 0.03773971561815914
0.61 0.029267092498860503
0.62 0.020221847791014547
0.63 0.010717457651449713
0.64 0.0009795656444020473
0.65 -0.008728117535135471
0.66 -0.018189172664791364
0.67 -0.027305073524725554
0.68 -0.036113964695493106
0.69 -0.04476735204843063
0.7 -0.05348157906177997
0.71 -0.06244622872743788
0.72 -0.07172664375567805
0.73 -0.08124686883848353
0.74 -0.09084699438282628
0.75 -0.10034320662816354
0.76 -0.10957555917083717
0.77 -0.11844839178520905
0.78 -0.1269332749606411
0.79 -0.13503408116839388
0.8 -0.14276591312564424
0.81 -0.15016231188230567
0.82 -0.15726349035062182
0.83 -0.16408398152287873
0.84 -0.17060698833544263
0.85 -0.17680575417313893
0.86 -0.1826745326666126
0.87 -0.1882526311993713
0.88 -0.1936042715458668
0.89 -0.19876284788588228
0.9 -0.20370306003246563
0.91 -0.20837311716847529
0.92 -0.21274607075027685
0.93 -0.2168313732068814
0.94 -0.22064093493427395
0.95 -0.22415640127854886
0.96 -0.22733646777269678
0.97 -0.2301501870146927
0.98 -0.23260226441426335
0.99 -0.23473774946973158
1.0 -0.23662995088115268
1.01 -0.23836135269961867
1.02 -0.24000762325023928
1.03 -0.24162036536177345
1.04 -0.24320184169908954
1.05 -0.244694985106797
1.06 -0.24600800616963925
1.07 -0.24705675821165363
1.08 -0.24780592946577595
1.09 -0.24829542430653184
1.1 -0.24863537309593342
1.11 -0.24896725691988264
1.12 -0.24940584836430846
1.13 -0.2499850354665778
1.14 -0.25063554840500757
1.15 -0.2512091586684986
1.16 -0.2515288215961142
1.17 -0.25143550772417145
1.18 -0.2508258967064272
1.19 -0.24968124280766046
1.2 -0.24808003359814013
1.21 -0.24618717698373027
1.22 -0.24421907437452584
1.23 -0.2423911197034112
1.24 -0.24085580694972641
1.25 -0.2396503193434314
1.26 -0.23868645422513213
1.27 -0.2377977501481685
1.28 -0.23682005512668214
1.29 -0.23566828457947553
1.3 -0.23438035127001422
1.31 -0.23310873079372918
1.32 -0.2320656017773457
1.33 -0.23145691937061308
1.34 -0.23143953244995963
1.35 -0.23210632404176534
1.36 -0.23348336750616294
1.37 -0.23553292756383337
1.38 -0.23816083281588218
1.39 -0.24122015968022614
1.4 -0.2445221942690936
1.41 -0.24786751049814715
1.42 -0.2510853225262397
1.43 -0.2540653166628011
1.44 -0.25676232514604
1.45 -0.25916611531371636
1.46 -0.2612689588451542
1.47 -0.2630592984821334
1.48 -0.2645284595306179
1.49 -0.26567585282249073
1.5 -0.26651335248074837
1.51 -0.2670628456203672
1.52 -0.2673518672721542
1.53 -0.26742431876528183
1.54 -0.2673541632517735
1.55 -0.2672353747519125
1.56 -0.26714879026399974
1.57 -0.2671244905795409
1.58 -0.2671224596474877
1.59 -0.2670525203647496
1.6 -0.2668288979305249
1.61 -0.2664271512629348
1.62 -0.26590600617298144
1.63 -0.26538646567695734
1.64 -0.26501992730790525
1.65 -0.2649594439548131
1.66 -0.26531915500315995
1.67 -0.26613063723596175
1.68 -0.26732470595316116
1.69 -0.2687486251095059
1.7 -0.2702101063723883
1.71 -0.2715342331325985
1.72 -0.27260655911050646
1.73 -0.27337745771113653
1.74 -0.27383436983405307
1.75 -0.27396429168371084
1.76 -0.27372459467843724
1.77 -0.2730395484011314
1.78 -0.2718254818388184
1.79 -0.2700250397422215
1.8 -0.2676353947026735
1.81 -0.264729724397204
1.82 -0.2614671098105923
1.83 -0.2580797565808246
1.84 -0.25483647503552875
1.85 -0.2519979001209727
1.86 -0.249770392938228
1.87 -0.24825212383407314
1.88 -0.247390536097833
1.89 -0.24698838454943184
1.9 -0.24676755656073057
1.91 -0.24646461566387545
1.92 -0.2459147578840848
1.93 -0.2450862303812955
1.94 -0.244054795514006
1.95 -0.242944142003366
1.96 -0.24187323631185542
1.97 -0.24092913558658502
1.98 -0.24016219925209947
1.99 -0.23959101838093
2.0 -0.23919687932079414
2.01 -0.2389121734261015
2.02 -0.23862694193599943
2.03 -0.23821111581813348
2.04 -0.2375316733327857
2.05 -0.23646014471472032
2.06 -0.23488202912499512
2.07 -0.2327140742338889
2.08 -0.229918433131044
2.09 -0.2265038991780708
2.1 -0.22252508213226596
2.11 -0.21809066692408363
2.12 -0.21336613781900748
2.13 -0.20855057867856264
2.14 -0.20383323886049887
2.15 -0.199353933075757
2.16 -0.19518596152978152
2.17 -0.19134358004174068
2.18 -0.18780359270556746
2.19 -0.18453594066155565
2.2 -0.18153797667126703
2.21 -0.17884978856474598
2.22 -0.17652567704143696
2.23 -0.17456750715581704
2.24 -0.17286905218546433
2.25 -0.17121422739061476
2.26 -0.16931841237873702
2.27 -0.16688227495581698
2.28 -0.16364038383441581
2.29 -0.1593946334427483
2.3 -0.15402660155714587
2.31 -0.14749152916914543
2.32 -0.13981600036826647
2.33 -0.13111598493089316
2.34 -0.12160164122911299
2.35 -0.11153045087912528
2.36 -0.10114798883226017
2.37 -0.0906679887341948
2.38 -0.08026057030012401
2.39 -0.07001854410306851
2.4 -0.0599439589505355
2.41 -0.04997474192447138
2.42 -0.04001597046292149
2.43 -0.029971624123759533
2.44 -0.01978562678486684
2.45 -0.00944906193647066
2.46 0.0010377261062197718
2.47 0.01168747860510333
2.48 0.022518086060415943
2.49 0.03354448185905845
2.5 0.04476748107172934
2.51 0.05616839326382017
2.52 0.06772071523686085
2.53 0.07940050667988974
2.54 0.09119702997238965
2.55 0.10311988783331438
2.56 0.11517801629503888
2.57 0.12733774014741073
2.58 0.13950011479958224
2.59 0.1515192310896234
2.6 0.16324093179852994
2.61 0.1745482604336246
2.62 0.18541482379838747
2.63 0.1959347633741939
2.64 0.2062847353121664
2.65 0.2166327772679253
2.66 0.22705600682870797
2.67 0.23749952516691497
2.68 0.2477986722602874
2.69 0.2577741466183334
2.7 0.26733300008613936
2.71 0.2765031519417853
2.72 0.2853970141262496
2.73 0.29412721792040086
2.74 0.3027350108507454
2.75 0.3112000114404041
2.76 0.3194977692549168
2.77 0.3276309574047369
2.78 0.3356347021213564
2.79 0.343567501015821
2.8 0.3514781756455254
2.81 0.3593745637099963
2.82 0.3672111254168646
2.83 0.3748839533504231
2.84 0.38224910275026414
2.85 0.38917569338176916
2.86 0.3956013895083905
2.87 0.401552053788246
2.88 0.40712098214682335
2.89 0.4124360270342997
2.9 0.41762478631547095
2.91 0.42277522611071694
2.92 0.4279236700087026
2.93 0.43306442771185116
2.94 0.438119033040838
2.95 0.4428669273384558
2.96 0.4468983954020951
2.97 0.44963236402808704
2.98 0.45044791441112375
2.99 0.44893733940968694
3.0 0.4451348681347014
3.01 0.4395532454314539
3.02 0.4330504315481347
