0.0 1.2979400066712161
0.01 1.299261091240954
0.02 1.3006161403130734
0.03 1.302064140694915
0.04 1.3036682537477509
0.05 1.3054837873449885
0.06 1.3075412543150073
0.07 1.3098300011944994
0.08 1.3122953878153565
0.09 1.3148650339180126
0.1 1.3174875413889091
0.11 1.3201526772658259
0.12 1.3228913199745485
0.13 1.3257663838354508
0.14 1.328850944146501
0.15 1.3321923710758523
0.16 1.335784028168931
0.17 1.3395618947095418
0.18 1.343420507280721
0.19 1.3472376526661618
0.2 1.350900206521716
0.21 1.354326982456426
0.22 1.3574819321192777
0.23 1.3603668961966782
0.24 1.3629989650169678
0.25 1.3653862096312053
0.26 1.3675040401511889
0.27 1.3692817328021638
0.28 1.3706159587707405
0.29 1.3714033408907773
0.3 1.371569657050098
0.31 1.3710905791380603
0.32 1.370007726360928
0.33 1.3684353572858865
0.34 1.3665484425714904
0.35 1.3645476990735435
0.36 1.3626165873623948
0.37 1.3608940187747556
0.38 1.3594669208251258
0.39 1.358371069669365
0.4 1.357593613668607
0.41 1.3570843115436406
0.42 1.356778228124789
0.43 1.3566160934537002
0.44 1.356556868361634
0.45 1.3565925063145006
0.46 1.3567556193822834
0.47 1.3570964792687281
0.48 1.3576426821454803
0.49 1.358377428063517
0.5 1.359246440895396
0.51 1.360185432391083
0.52 1.3611520760603382
0.53 1.362135458757658
0.54 1.3631353420247283
0.55 1.364139641100607
0.56 1.3651211738069766
0.57 1.366046513386423
0.58 1.3668906901821334
0.59 1.3676497807434513
0.6 1.3683385664725787
0.61 1.3689781187490633
0.62 1.3695864847529422
0.63 1.3701727346911783
0.64 1.3707292128295
0.65 1.3712322850913932
0.66 1.3716621754144458
0.67 1.3720251562457095
0.68 1.3723581950605497
0.69 1.3727109571645286
0.7 1.3731120688077216
0.71 1.3735474734825601
0.72 1.3739693055147697
0.73 1.3743224206871347
0.74 1.374568438481444
0.75 1.3746965038626922
0.76 1.3747289202879909
0.77 1.3747260004992254
0.78 1.3747729381897327
0.79 1.3749483667453997
0.8 1.3752930497693754
0.81 1.375789845930477
0.82 1.3763694113516514
0.83 1.3769444540300748
0.84 1.377444535536505
0.85 1.3778305591777689
0.86 1.3780933087933094
0.87 1.378244106878297
0.88 1.3783098508384057
0.89 1.3783422369305454
0.9 1.3784257133800155
0.91 1.3786622395722863
0.92 1.3791363327032329
0.93 1.3798816522628292
0.94 1.3808711814871044
0.95 1.3820364655918356
0.96 1.3832931713273808
0.97 1.3845537533165193
0.98 1.3857355294262232
0.99 1.3867765287616325
1.0 1.3876580109402328
1.01 1.3884187200251636
1.02 1.3891404764078787
1.03 1.3899055539870449
1.04 1.3907534793185783
1.05 1.3916600751060213
1.06 1.3925456499537368
1.07 1.3933135403965036
1.08 1.3938979193002932
1.09 1.3942890114595752
1.1 1.3945307302445866
1.11 1.394700224187027
1.12 1.3948768024127873
1.13 1.3951152668296332
1.14 1.3954375349741328
1.15 1.3958420964034381
1.16 1.3963231520125294
1.17 1.3968913442091777
1.18 1.3975827762026154
1.19 1.3984397169002118
1.2 1.3994722241583295
1.21 1.4006396726727006
1.22 1.4018698951921058
1.23 1.4030944301430432
1.24 1.404274818629673
1.25 1.40540886146748
1.26 1.4065199039158056
1.27 1.4076433774855968
1.28 1.4088193926353658
1.29 1.4100845366525094
1.3 1.4114527079129005
1.31 1.412890217218298
1.32 1.414306178592506
1.33 1.4155772817133667
1.34 1.4165973139421717
1.35 1.4173154030583501
1.36 1.417745794851422
1.37 1.4179609811716394
1.38 1.4180764886867192
1.39 1.4182256469999057
1.4 1.418529940283828
1.41 1.4190767739729746
1.42 1.4199089568736527
1.43 1.4210268520491693
1.44 1.4224010728932548
1.45 1.4239825372464319
1.46 1.4257039337887285
1.47 1.4274873651404714
1.48 1.4292665743062876
1.49 1.4310077686822513
1.5 1.432712544582663
1.51 1.4344051257743442
1.52 1.4361165825903788
1.53 1.437871308055651
1.54 1.4396708513897165
1.55 1.441479784889717
1.56 1.4432292420631345
1.57 1.444843367829323
1.58 1.4462726644947952
1.59 1.4475086577973526
1.6 1.4485739108336912
1.61 1.4495049982591781
1.62 1.4503434051632151
1.63 1.4511339931839857
1.64 1.45192353994819
1.65 1.4527567925605163
1.66 1.4536722054617583
1.67 1.4546962439004592
1.68 1.455832214812423
1.69 1.4570517891079402
1.7 1.4583066278487697
1.71 1.4595517909792632
1.72 1.4607549015867285
1.73 1.4618902094328772
1.74 1.4629351944182791
1.75 1.4638785720773915
1.76 1.464732255962221
1.77 1.465529303131659
1.78 1.4663065920034457
1.79 1.467088918279933
1.8 1.4678783260821868
1.81 1.468647698006468
1.82 1.4693472465827564
1.83 1.469930567610513
1.84 1.4703939811363886
1.85 1.4707976086141734
1.86 1.471235239066202
1.87 1.4717753552159754
1.88 1.472431865133812
1.89 1.4731791960651686
1.9 1.473983342823482
1.91 1.4748266800994596
1.92 1.4757185154009123
1.93 1.476690479978216
1.94 1.4777745938814655
1.95 1.4789739440348093
1.96 1.480253946145571
1.97 1.481562492265891
1.98 1.4828585996121872
1.99 1.4841275607572886
2.0 1.4853731918828568
2.01 1.4865945439609254
2.02 1.4877708456411818
2.03 1.4888732912170872
2.04 1.4898946588428488
2.05 1.4908707583879304
2.06 1.4918749648588117
2.07 1.4929893934881369
2.08 1.4942720317705347
2.09 1.4957337867672065
2.1 1.4973318725882674
2.11 1.4989885859718854
2.12 1.500633496914737
2.13 1.5022393694173783
2.14 1.5038230612374073
2.15 1.5054175826968867
2.16 1.5070376646191366
2.17 1.5086509675287938
2.18 1.510163068298863
2.19 1.5114251884147807
2.2 1.512268206221695
2.21 1.5125517979532304
2.22 1.5122076402400602
2.23 1.5112647144063422
2.24 1.509841379488452
2.25 1.5080953926988632
2.26 1.5061687315823575
2.27 1.5041647034237169
2.28 1.50214827782436
2.29 1.5001576279053497
2.3 1.4982253272037522
2.31 1.4963896869169715
2.32 1.494686444489481
2.33 1.4931404180126324
2.34 1.4917698607562238
2.35 1.49059639787338
2.36 1.4896465644902652
2.37 1.4889368638251996
2.38 1.4884497060750488
2.39 1.4881186186255349
2.4 1.4878392555498459
2.41 1.4875014661463215
2.42 1.487024652542666
2.43 1.4863866488693507
2.44 1.4856322316856594
2.45 1.4848456964743169
2.46 1.4840945662645448
2.47 1.4833724560295876
2.48 1.4825807654778247
2.49 1.481573906964321
2.5 1.4802343163864058
2.51 1.4785170293557135
2.52 1.4764482397707104
2.53 1.4740982274947148
2.54 1.4715509308026005
2.55 1.4688934809619196
2.56 1.466226718426829
2.57 1.463667785081499
2.58 1.4613313458331283
2.59 1.4593068339908908
2.6 1.4576466707283533
2.61 1.4563573299013624
2.62 1.4553916687208805
2.63 1.4546588954316384
2.64 1.45404683957972
2.65 1.4534409854413748
2.66 1.4527400553838565
2.67 1.45186414553556
2.68 1.4507546618253446
2.69 1.4493780425087102
2.7 1.4477395833703093
2.71 1.4458991831943977
2.72 1.4439666567335392
2.73 1.4420588132158736
2.74 1.4402424263998044
2.75 1.4385144903309546
2.76 1.436827285491248
2.77 1.4351164004643615
2.78 1.4333141671065661
2.79 1.431364044637494
2.8 1.429233146143082
2.81 1.4269126903652856
2.82 1.4244125042111335
2.83 1.4217521970291576
2.84 1.4189472551794005
2.85 1.4159995108240038
2.86 1.4129035215264873
2.87 1.4096610159045762
2.88 1.4062887936350879
2.89 1.4028272842849177
2.9 1.3993485635659244
2.91 1.3959384947013627
2.92 1.3926601170470838
2.93 1.3895321006622563
2.94 1.3865281744013447
2.95 1.3835882206547954
2.96 1.3806335175632105
2.97 1.3775758252278782
2.98 1.374328319854186
2.99 1.3708348091485
3.0 1.367098700044711
3.01 1.3631765873890926
3.02 1.3591440508001087
