0.0 0.3001145815484314
0.01 0.2995105095229187
0.02 0.29898973093267056
0.03 0.29856850073649177
0.04 0.29820061857518976
0.05 0.2978086557405515
0.06 0.2973128564740728
0.07 0.2966464379443261
0.08 0.29577085131973657
0.09 0.29467962424676575
0.1 0.293376664336213
0.11 0.2918559182633276
0.12 0.29010689120178146
0.13 0.2881242723721993
0.14 0.2859014312857182
0.15 0.2834258877661835
0.16 0.2806985504202011
0.17 0.2777826668720227
0.18 0.27486747998007033
0.19 0.27229833642197754
0.2 0.27052886569788726
0.21 0.2700159581103705
0.22 0.2710905363556595
0.23 0.27380840889913394
0.24 0.2779187561438654
0.25 0.2831073409640448
0.26 0.2892567957180052
0.27 0.2963574864170857
0.28 0.30424522565178247
0.29 0.3124985635039348
0.3 0.32044656031388197
0.31 0.3271952535548879
0.32 0.33177961832885483
0.33 0.33349162597060467
0.34 0.33225659126651763
0.35 0.328796559503993
0.36 0.32433731330525006
0.37 0.3199902621527233
0.38 0.316271608119326
0.39 0.31299889119499724
0.4 0.3094703149029563
0.41 0.30479549795553407
0.42 0.2982488593932704
0.43 0.289482402893662
0.44 0.27851737277434374
0.45 0.2656014318397677
0.46 0.25107005890579703
0.47 0.23524238574522371
0.48 0.21836796387503998
0.49 0.20069136359863027
0.5 0.18254382347011777
0.51 0.16429174373447974
0.52 0.14621463340378593
0.53 0.12848535975209696
0.54 0.11124365741997977
0.55 0.0946765960423459
0.56 0.07905648571208612
0.57 0.06470699435110827
0.58 0.051931422205917954
0.59 0.040931279034181145
0.6 0.031687482696545644
0.61 0.023886817570376806
0.62 0.01702058356839231
0.63 0.010583179966234368
0.64 0.004220508745830465
0.65 -0.002191633047908148
0.66 -0.008540633084358262
0.67 -0.014597303559720665
0.68 -0.02022501919587416
0.69 -0.025515728474814203
0.7 -0.030709117398773245
0.71 -0.035947546998878366
0.72 -0.04111620775209879
0.73 -0.04591376981169315
0.74 -0.05001590592536509
0.75 -0.05318178720351607
0.76 -0.05533789315721549
0.77 -0.05663772300552772
0.78 -0.0574211780105367
0.79 -0.058085295482023014
0.8 -0.058932904839778644
0.81 -0.06007760608217616
0.82 -0.061457058839920364
0.83 -0.06292423998175067
0.84 -0.06434297337132833
0.85 -0.06564164592764588
0.86 -0.06682994036557233
0.87 -0.06799128723736647
0.88 -0.06925020149899819
0.89 -0.07072096679132223
0.9 -0.07243669467886171
0.91 -0.0742756988001263
0.92 -0.07596900207523571
0.93 -0.07721779640533466
0.94 -0.07781445168427936
0.95 -0.07769612864540143
0.96 -0.0769566631997165
0.97 -0.07582764796402852
0.98 -0.07462172862610661
0.99 -0.07365116246053383
1.0 -0.07314900147385917
1.01 -0.07321628994899676
1.02 -0.07379469077469025
1.03 -0.07466408373451916
1.04 -0.07548360093675477
1.05 -0.07589316396760726
1.06 -0.07565437073614945
1.07 -0.07475542211616037
1.08 -0.07342022346504962
1.09 -0.07203507347919302
1.1 -0.07102865764108568
1.11 -0.07073132632365997
1.12 -0.07126954127025087
1.13 -0.0725472518751955
1.14 -0.07429354212426098
1.15 -0.07612899576105114
1.16 -0.07763866149931076
1.17 -0.07845901494037921
1.18 -0.07837000790993098
1.19 -0.07736045039705264
1.2 -0.07564352135238828
1.21 -0.07361061131821689
1.22 -0.07172112949203235
1.23 -0.0703765390507547
1.24 -0.06982873748857621
1.25 -0.07013179193985408
1.26 -0.07116022252552323
1.27 -0.07268589619702759
1.28 -0.07444359845868131
1.29 -0.07616557464880991
1.3 -0.07762032224187188
1.31 -0.0786472061989123
1.32 -0.07917437383149828
1.33 -0.07925077758261345
1.34 -0.07907999870412752
1.35 -0.07898707983287068
1.36 -0.07930285284729521
1.37 -0.08023765915516279
1.38 -0.08181427355693849
1.39 -0.08386375115982414
1.4 -0.08605410307386485
1.41 -0.0879352635363615
1.42 -0.08900448893461554
1.43 -0.08881077511911784
1.44 -0.08710098994498239
1.45 -0.08395403330530993
1.46 -0.07980925575224607
1.47 -0.07534232531843443
1.48 -0.07125737388600051
1.49 -0.0680912163454046
1.5 -0.06606780984383764
1.51 -0.0650471202838423
1.52 -0.06460780621441486
1.53 -0.06423630262313562
1.54 -0.06354834448865176
1.55 -0.06242935785772197
1.56 -0.06101650655901558
1.57 -0.05960716999956173
1.58 -0.05861093357782554
1.59 -0.058485484478237204
1.6 -0.05955063052648857
1.61 -0.06176900429469434
1.62 -0.06470656523122909
1.63 -0.0677201143189432
1.64 -0.07019688060151807
1.65 -0.0717047099585173
1.66 -0.0720453135736756
1.67 -0.07124376059750315
1.68 -0.06950834273159057
1.69 -0.06717089865078751
1.7 -0.06459824697516225
1.71 -0.062087908984472584
1.72 -0.059788800519679164
1.73 -0.0576740553759878
1.74 -0.055572257705364336
1.75 -0.053266373623849006
1.76 -0.05063334366033079
1.77 -0.04775249563967332
1.78 -0.044930641319674613
1.79 -0.04262974192556346
1.8 -0.04131054127887612
1.81 -0.04125238759755767
1.82 -0.04244474479257665
1.83 -0.04460683846597391
1.84 -0.04730402460494698
1.85 -0.05008247696258916
1.86 -0.052563889457156066
1.87 -0.05448278083770397
1.88 -0.05568087719139747
1.89 -0.05609851426672474
1.9 -0.05578816934984232
1.91 -0.0549116545364452
1.92 -0.05368126397694528
1.93 -0.05226226953484314
1.94 -0.050686900283131386
1.95 -0.048850253462826565
1.96 -0.04660773003354457
1.97 -0.0438898461333066
1.98 -0.04074547463933431
1.99 -0.03731792095305586
2.0 -0.033794242792899
2.01 -0.030340184845422336
2.02 -0.027050545651684743
2.03 -0.023941402192016348
2.04 -0.02098550312281855
2.05 -0.018196316101822596
2.06 -0.015717111240878268
2.07 -0.013832215953892835
2.08 -0.012861222001902206
2.09 -0.012973389058712925
2.1 -0.01404917574586051
2.11 -0.01572199043089295
2.12 -0.017528318449028468
2.13 -0.01895782355933129
2.14 -0.0193924840298747
2.15 -0.018078117058424326
2.16 -0.014188228286935
2.17 -0.006935468351061402
2.18 0.004315130320360794
2.19 0.0198921696657246
2.2 0.039638935569973555
2.21 0.06285475348817027
2.22 0.0884105320260522
2.23 0.11493526971912793
2.24 0.1409713808942561
2.25 0.1651234597685658
2.26 0.1863132216272989
2.27 0.20410189440437865
2.28 0.2188540508956356
2.29 0.23157106626953272
2.3 0.24342996477674017
2.31 0.25530312703372626
2.32 0.2675446763817648
2.33 0.2800493795229171
2.34 0.29242551703693387
2.35 0.304160623623682
2.36 0.31471009582897125
2.37 0.32350179058894213
2.38 0.3299371886301383
2.39 0.3334746366667565
2.4 0.33377134525258967
2.41 0.3308075626008762
2.42 0.32498552356952803
2.43 0.31722884131076334
2.44 0.3090034297131723
2.45 0.30205616874061914
2.46 0.2977960331304219
2.47 0.2966101103739396
2.48 0.29761706905962093
2.49 0.299124156327248
2.5 0.29945422530562293
2.51 0.2975373990753001
2.52 0.293067732897363
2.53 0.28639801821326216
2.54 0.27833531566489356
2.55 0.26989419478922816
2.56 0.2620378170002713
2.57 0.2554894977757103
2.58 0.2506668215174255
2.59 0.24770423481505688
2.6 0.2465229776510327
2.61 0.24690631960182863
2.62 0.24852989384773405
2.63 0.25095125144531494
2.64 0.2536231918451275
2.65 0.25598551236087275
2.66 0.25761903285859233
2.67 0.2583548346042175
2.68 0.25825189093879697
2.69 0.25748128845105
2.7 0.25619308144822295
2.71 0.25443821367903663
2.72 0.25220084792706654
2.73 0.2494939919545356
2.74 0.2464340108220977
2.75 0.2432608423293603
2.76 0.24029739765263436
2.77 0.23786801455563822
2.78 0.23620605133313255
2.79 0.2353726022092859
2.8 0.23523268867019542
2.81 0.23552085501105768
2.82 0.23594889261555974
2.83 0.2362858125894114
2.84 0.23639762136840936
2.85 0.23626266524945372
2.86 0.23595935039530946
2.87 0.235632109295822
2.88 0.23546042628456476
2.89 0.2356296711643706
2.9 0.2362862527632057
2.91 0.237493365319426
2.92 0.23921801197286197
2.93 0.24133884854067755
2.94 0.2436413765813512
2.95 0.24581198817684058
2.96 0.2474857106476449
2.97 0.24835719358494224
2.98 0.24827763182920393
2.99 0.2472765350811903
3.0 0.24552728300477256
3.01 0.24328494087305774
3.02 0.2408194581610994
