0.0 0.3437874057833916
0.01 0.34337877390548144
0.02 0.34292679892983813
0.03 0.34235855787114655
0.04 0.34156842041695956
0.05 0.34046110536257057
0.06 0.33901592174370965
0.07 0.3373258714952794
0.08 0.33558300747832703
0.09 0.33400992639507976
0.1 0.3327672567186051
0.11 0.33187765579723116
0.12 0.331194158282373
0.13 0.3304302600240101
0.14 0.32925163920335354
0.15 0.32739690437167557
0.16 0.3247701691089526
0.17 0.32146079744223055
0.18 0.31769413471701213
0.19 0.313755271150427
0.2 0.30991306834883403
0.21 0.3063466567770732
0.22 0.3030973643995658
0.23 0.30007726532790446
0.24 0.29712638428381766
0.25 0.294092830869789
0.26 0.29092074795916023
0.27 0.2877103938587293
0.28 0.28470380713465016
0.29 0.28220584190529685
0.3 0.28049635935126727
0.31 0.2797724454110977
0.32 0.2801241087102957
0.33 0.2815299415108168
0.34 0.28386718070410666
0.35 0.2869332642480513
0.36 0.29046357064676
0.37 0.29414497224025205
0.38 0.29765683644788865
0.39 0.30074934654328533
0.4 0.30330756015283633
0.41 0.3053473219649536
0.42 0.30695735482944375
0.43 0.30824368187256646
0.44 0.30928912588554525
0.45 0.31009455115501616
0.46 0.31052758876381414
0.47 0.31036489358397823
0.48 0.3094317928521102
0.49 0.307729038577472
0.5 0.3054443973325096
0.51 0.30285188156809184
0.52 0.30018886946081036
0.53 0.2975969349645302
0.54 0.29514217728953707
0.55 0.2928639880530284
0.56 0.2907973763780589
0.57 0.2889631363469505
0.58 0.2873478639797806
0.59 0.28589593959027404
0.6 0.2845255956956798
0.61 0.2831629649353786
0.62 0.28177829306657554
0.63 0.28040257238797306
0.64 0.2791105965889411
0.65 0.2779795386696833
0.66 0.2770469553581414
0.67 0.2762904600734295
0.68 0.27563227973280124
0.69 0.27496744362673375
0.7 0.274217949761689
0.71 0.27338814603693606
0.72 0.27258046577031436
0.73 0.2719540046674833
0.74 0.2716520388767947
0.75 0.27174541770776095
0.76 0.27220597322252793
0.77 0.27290724110107156
0.78 0.27366500780621195
0.79 0.2743111101738931
0.8 0.27476673898852155
0.81 0.27508166194014017
0.82 0.27541276348506827
0.83 0.27594462111081075
0.84 0.2768018818688125
0.85 0.278008114553403
0.86 0.27950711678122
0.87 0.2812163560733776
0.88 0.2830557804506615
0.89 0.2849262551362237
0.9 0.2866745135831712
0.91 0.28810269201407834
0.92 0.2890346391709242
0.93 0.28938966954483725
0.94 0.2892101051659184
0.95 0.288635866275043
0.96 0.2878590349807526
0.97 0.28708609051659106
0.98 0.2865053346274298
0.99 0.28624580469861005
1.0 0.28632576018434897
1.01 0.28662022736340553
1.02 0.28689501208203083
1.03 0.2869121266569792
1.04 0.28654550109152144
1.05 0.28583771758917376
1.06 0.2849754460709084
1.07 0.28419666159272783
1.08 0.2836776147847013
1.09 0.28346717334004623
1.1 0.28348848444815555
1.11 0.2835892679725891
1.12 0.2836208685451682
1.13 0.2835048756187879
1.14 0.28324494374521425
1.15 0.28288539889431785
1.16 0.2824481811661812
1.17 0.2818779213310565
1.18 0.28103112360503246
1.19 0.2797456667882674
1.2 0.27795587550110756
1.21 0.2757503011663136
1.22 0.2733331770229652
1.23 0.2709436966865404
1.24 0.2687819956617963
1.25 0.2669661291289289
1.26 0.26553159982283514
1.27 0.26444697764625946
1.28 0.2636126919536972
1.29 0.2628626032216683
1.3 0.26201933544409517
1.31 0.2609982084412801
1.32 0.25987953813666564
1.33 0.25888054595558874
1.34 0.25824813761347
1.35 0.2581573428594508
1.36 0.25866484354442854
1.37 0.259697202885544
1.38 0.26105146171026483
1.39 0.26243012561076995
1.4 0.2635192269582731
1.41 0.2640701758389108
1.42 0.2639473765697913
1.43 0.2631309666618762
1.44 0.2616965504896891
1.45 0.25980422614725995
1.46 0.2576899474878971
1.47 0.2556245723608317
1.48 0.2538333404297157
1.49 0.25241572032106774
1.5 0.2513132135253713
1.51 0.25034312503350886
1.52 0.249289264618076
1.53 0.24800876342123868
1.54 0.24650019181763394
1.55 0.24491448190247667
1.56 0.24351700864090198
1.57 0.24260058334221668
1.58 0.242375910248116
1.59 0.2429039653976206
1.6 0.24409834957804755
1.61 0.24576726007609473
1.62 0.24765856907788208
1.63 0.24949746812621498
1.64 0.25102564796482163
1.65 0.2520482788593821
1.66 0.2524720489466885
1.67 0.25230985440588505
1.68 0.25166359510903025
1.69 0.2507032455341127
1.7 0.24962588683086562
1.71 0.24859870691958008
1.72 0.24772306760710094
1.73 0.24703298112196315
1.74 0.24651597471041153
1.75 0.24613711276568395
1.76 0.2458520973700411
1.77 0.2456172552918039
1.78 0.24540148792461913
1.79 0.24519572433145154
1.8 0.24502206168574148
1.81 0.24493126879016813
1.82 0.24497696723466778
1.83 0.24517442075470708
1.84 0.2454551682100501
1.85 0.2456545561893746
1.86 0.24558323865695542
1.87 0.245145780342372
1.88 0.24439546271573587
1.89 0.24349168826501
1.9 0.242612922919756
1.91 0.24187611501710293
1.92 0.24129616286406552
1.93 0.24079161743143995
1.94 0.2402319355689766
1.95 0.23951713690022736
1.96 0.23863866342384643
1.97 0.23766871227211794
1.98 0.23669187177083995
1.99 0.23575093363172872
2.0 0.23485543232797212
2.01 0.23402583261731458
2.02 0.23331761479737878
2.03 0.23279287062716847
2.04 0.23245283807537476
2.05 0.23219421955332642
2.06 0.23184177059778754
2.07 0.23123377841575365
2.08 0.23029957427103387
2.09 0.22909954381378483
2.1 0.2278166893608189
2.11 0.22668604047864527
2.12 0.22587873667597336
2.13 0.22540900394564822
2.14 0.2251275414163718
2.15 0.2247994967004674
2.16 0.2242222800575675
2.17 0.2233321567623543
2.18 0.22224991271169614
2.19 0.22124305019629897
2.2 0.22062789364051305
2.21 0.2206600689918634
2.22 0.22145200455888947
2.23 0.22293211531229762
2.24 0.22486751034217534
2.25 0.22696817463064534
2.26 0.2290175338216489
2.27 0.23094354110314885
2.28 0.23280841844115585
2.29 0.23474412566540614
2.3 0.2368699733163302
2.31 0.2392309467910021
2.32 0.24177588188623655
2.33 0.2443626548328579
2.34 0.2467706304012509
2.35 0.24872880795474828
2.36 0.24998706010857674
2.37 0.25042045697931137
2.38 0.2501074377894241
2.39 0.2493329212988673
2.4 0.248515659467464
2.41 0.24809158850776392
2.42 0.24839328849696596
2.43 0.2495606223981346
2.44 0.2515017818508465
2.45 0.25392056596628265
2.46 0.25643568080625556
2.47 0.2587612154904795
2.48 0.26083023601672917
2.49 0.2627839128411633
2.5 0.26487283652394567
2.51 0.2673546572859733
2.52 0.27042183432643885
2.53 0.274162477151779
2.54 0.27855091797374953
2.55 0.28343976978235474
2.56 0.2885461073342901
2.57 0.29347827274336513
2.58 0.2978209326022565
2.59 0.3012365984432135
2.6 0.3035468400028023
2.61 0.3047844067682446
2.62 0.3051962517004885
2.63 0.3051722882004393
2.64 0.3051336087174299
2.65 0.3054388298632684
2.66 0.3063237547493536
2.67 0.3078808443226917
2.68 0.3100882514849381
2.69 0.31285734613503546
2.7 0.31604632897888685
2.71 0.31943441851746357
2.72 0.3227179808562459
2.73 0.3255852935068235
2.74 0.3278304652941326
2.75 0.32941292801705657
2.76 0.3304389511747079
2.77 0.33110732987551117
2.78 0.33164446898815125
2.79 0.3322453652495305
2.8 0.33304401285930485
2.81 0.334104532991395
2.82 0.3354184393083788
2.83 0.3369214577239559
2.84 0.33853255032096996
2.85 0.34018888563812943
2.86 0.3418526413893872
2.87 0.3435006612256837
2.88 0.3451103530060715
2.89 0.34662575576967125
2.9 0.34792463052260914
2.91 0.3488447858867323
2.92 0.3492641430869483
2.93 0.3491673493193641
2.94 0.3486579337787452
2.95 0.34792568388945444
2.96 0.34719880055413643
2.97 0.3467058869630275
2.98 0.34664592344659884
2.99 0.3471436086659381
3.0 0.348202594773138
3.01 0.349702407309711
3.02 0.3514424656415702
