0.0 1.3773864708628283
0.01 1.3761859435440003
0.02 1.3748193239169244
0.03 1.3731965360198592
0.04 1.3713288286145215
0.05 1.369306151798126
0.06 1.367257625171912
0.07 1.36533710218325
0.08 1.3637092026330868
0.09 1.3625009970781958
0.1 1.3617515227947021
0.11 1.3614052509636605
0.12 1.361353534939723
0.13 1.3614982387476888
0.14 1.3617959355597842
0.15 1.3622449968836303
0.16 1.3628366966742362
0.17 1.3635311888538602
0.18 1.3642684817796593
0.19 1.3649826786842785
0.2 1.3656119197494063
0.21 1.3661249623419498
0.22 1.3665462180159356
0.23 1.3669247119012975
0.24 1.367279779272613
0.25 1.3676003975612336
0.26 1.3678738642865573
0.27 1.3680910257940928
0.28 1.368232406634374
0.29 1.3682540282570632
0.3 1.3680973881750043
0.31 1.3677251493446554
0.32 1.3671416996896468
0.33 1.3663907282587693
0.34 1.3655513211818997
0.35 1.3647238038636331
0.36 1.3640011341164455
0.37 1.3634427066869934
0.38 1.3630571870768229
0.39 1.3628080400869598
0.4 1.3626541437659525
0.41 1.362575349240831
0.42 1.3625415175127547
0.43 1.3624750225981814
0.44 1.3622510624414215
0.45 1.3617209416681444
0.46 1.3607478376539763
0.47 1.3592695516515998
0.48 1.3573487512782538
0.49 1.3551378897231232
0.5 1.3527876034487583
0.51 1.3503728002696578
0.52 1.3478753571054871
0.53 1.3452523506121357
0.54 1.3425228564526255
0.55 1.3397541744115693
0.56 1.3369858858035601
0.57 1.334210500240749
0.58 1.3314159080182915
0.59 1.3286268540853174
0.6 1.325891279650882
0.61 1.3232153895355916
0.62 1.3205493452784762
0.63 1.3178579209103742
0.64 1.3151688516468023
0.65 1.3125490504612984
0.66 1.310065465216062
0.67 1.3077588315126865
0.68 1.305605141462606
0.69 1.3034898044398635
0.7 1.3012625208817927
0.71 1.2988434593439324
0.72 1.2962594781266636
0.73 1.2935570502337774
0.74 1.2907073977436703
0.75 1.2876490223685098
0.76 1.284403610995486
0.77 1.2811005068207741
0.78 1.2779087855918658
0.79 1.2749706921313635
0.8 1.2723667409984256
0.81 1.2701146825527183
0.82 1.2682051201597986
0.83 1.2666364359616211
0.84 1.2654052380758567
0.85 1.2644648980332738
0.86 1.2636935044373443
0.87 1.2629110365398875
0.88 1.2619626922560223
0.89 1.2608022671259316
0.9 1.2594935084984589
0.91 1.2581487527833737
0.92 1.2568822320746116
0.93 1.2558059145872926
0.94 1.2550197248295447
0.95 1.2545660194086525
0.96 1.2543948141225871
0.97 1.2543775361026417
0.98 1.2543476047526374
0.99 1.2541350987980846
1.0 1.2535934044138113
1.01 1.2526298573933126
1.02 1.2512311869629826
1.03 1.2494702614110134
1.04 1.2474940137328896
1.05 1.2454975640175223
1.06 1.2436952441902576
1.07 1.2422773535253242
1.08 1.241351852556995
1.09 1.2409130345613613
1.1 1.2408461946025122
1.11 1.2409623126599194
1.12 1.241062101770047
1.13 1.2409903274525345
1.14 1.24066347910078
1.15 1.240083661518089
1.16 1.2393297546042272
1.17 1.238510805633505
1.18 1.2377063608356762
1.19 1.2369478283103432
1.2 1.236229493840764
1.21 1.2355072053761438
1.22 1.2347012828348616
1.23 1.2337182065057175
1.24 1.232479754080614
1.25 1.2309474936308384
1.26 1.2291266494153459
1.27 1.2270658859726953
1.28 1.2248732627766574
1.29 1.222700240847224
1.3 1.220669763411701
1.31 1.2188360850484483
1.32 1.217222833424474
1.33 1.2158619734093268
1.34 1.214781274506286
1.35 1.2139710180000933
1.36 1.2133666927341813
1.37 1.2128639694879215
1.38 1.2123657469142284
1.39 1.21181660724789
1.4 1.2111907406718574
1.41 1.2104809320715013
1.42 1.2097173124668679
1.43 1.208964169227431
1.44 1.2082705155021194
1.45 1.2076327546841403
1.46 1.2070061901624731
1.47 1.2063251062482556
1.48 1.2055085694583436
1.49 1.2044652721814537
1.5 1.2031128324540878
1.51 1.201430915746434
1.52 1.199506284083537
1.53 1.1974967707723763
1.54 1.1955540826638762
1.55 1.19378593951491
1.56 1.1922452216071857
1.57 1.1909298007259341
1.58 1.1898008406616767
1.59 1.1887965253469472
1.6 1.1878499623842917
1.61 1.1869251564745245
1.62 1.1860285978924714
1.63 1.185187147381519
1.64 1.184423988703672
1.65 1.183742043360072
1.66 1.1831307645740496
1.67 1.1825910306407064
1.68 1.182131917498515
1.69 1.181735699589594
1.7 1.1813319759818803
1.71 1.1808052385500392
1.72 1.180031027355743
1.73 1.1789194170051571
1.74 1.1774553095915081
1.75 1.175720854094441
1.76 1.1738626504975431
1.77 1.1720241334722732
1.78 1.1703216391195896
1.79 1.1688686021753232
1.8 1.1677706216106265
1.81 1.1670711097544895
1.82 1.1667261365864903
1.83 1.166656053348909
1.84 1.1668114391310986
1.85 1.167175211780111
1.86 1.1677147327194657
1.87 1.1683464784987403
1.88 1.168939063441254
1.89 1.1693567371803506
1.9 1.1695200833632264
1.91 1.1694369817001817
1.92 1.1691867024454021
1.93 1.1688655867252296
1.94 1.1685254081144318
1.95 1.1681588659039828
1.96 1.167735436334084
1.97 1.1672237461172372
1.98 1.1665773873586498
1.99 1.1657212186079278
2.0 1.1645386540189229
2.01 1.1628709052561934
2.02 1.1605936268760297
2.03 1.1577321060201777
2.04 1.1544759464294398
2.05 1.1510727539215448
2.06 1.1477215517280244
2.07 1.1445606832284905
2.08 1.1417112354956758
2.09 1.1392708759448662
2.1 1.1372533523108155
2.11 1.135558831518551
2.12 1.1340157442366867
2.13 1.1324605711766753
2.14 1.1307999015702164
2.15 1.129041971660698
2.16 1.1273081873431479
2.17 1.1258104588012654
2.18 1.124780163274333
2.19 1.1243663082562443
2.2 1.1245655169506357
2.21 1.1252368376980137
2.22 1.1261771111786345
2.23 1.1271955841721484
2.24 1.1281483129087069
2.25 1.1289210498841538
2.26 1.1293932119295707
2.27 1.1294470512620274
2.28 1.1290259181850897
2.29 1.128177310991307
2.3 1.1270525719583557
2.31 1.1258762496942745
2.32 1.124879735915207
2.33 1.1242176119989624
2.34 1.1239240430584032
2.35 1.1239367482248168
2.36 1.1241594383499613
2.37 1.1244975011680713
2.38 1.1248542216446213
2.39 1.125139090053223
2.4 1.1252970680337921
2.41 1.1253185929045935
2.42 1.1252164638338424
2.43 1.1250054694767924
2.44 1.1247042191077976
2.45 1.1243342040910247
2.46 1.1239141300755713
2.47 1.1234756654601066
2.48 1.1230998297783268
2.49 1.1229504984967993
2.5 1.1232718698783586
2.51 1.124322249725504
2.52 1.126284503171362
2.53 1.1292221205841675
2.54 1.1330838893167932
2.55 1.1377261008967374
2.56 1.1429487486003866
2.57 1.1485514363114353
2.58 1.1543737128938871
2.59 1.1602947281349798
2.6 1.1662288223323842
2.61 1.1721251624321822
2.62 1.1779450774528741
2.63 1.1836373712120394
2.64 1.1891453251184498
2.65 1.1944311729312371
2.66 1.19948212092946
2.67 1.2043029042439857
2.68 1.2089233689146863
2.69 1.2134129013992512
2.7 1.217868082945106
2.71 1.22235054957401
2.72 1.2268200412359542
2.73 1.2311785272716533
2.74 1.2354130227320588
2.75 1.2396418039017174
2.76 1.2440030621615077
2.77 1.24855544321556
2.78 1.2532705583393757
2.79 1.2580513875877748
2.8 1.2627660458273517
2.81 1.2673080439689604
2.82 1.2716375980722443
2.83 1.2757658270903298
2.84 1.2797022625415035
2.85 1.2834036579211925
2.86 1.2867673333853884
2.87 1.2897158261462445
2.88 1.2922973046490474
2.89 1.2946672266138197
2.9 1.2969844374396913
2.91 1.299350312760812
2.92 1.3018091276871298
2.93 1.3043423924366926
2.94 1.3068690587126306
2.95 1.3093241278879195
2.96 1.3117611223203922
2.97 1.3143570844415713
2.98 1.317329884324065
2.99 1.320837127967014
3.0 1.3248987499333578
3.01 1.3293925170716046
3.02 1.3341188086203086
