0.0 1.150139841144969
0.01 1.1561842034148242
0.02 1.1623592891094656
0.03 1.1687103134312586
0.04 1.1751772628522836
0.05 1.1815534668099605
0.06 1.187494403715255
0.07 1.1925974715353442
0.08 1.1965315053703494
0.09 1.1991549986246657
0.1 1.2005570247906485
0.11 1.2010112749938848
0.12 1.2008757977894096
0.13 1.2004837318790518
0.14 1.2000699274800715
0.15 1.1997563086438499
0.16 1.199579326755301
0.17 1.1995205437028726
0.18 1.199529186504078
0.19 1.1995496654065718
0.2 1.1995487301925571
0.21 1.199511886387569
0.22 1.1994071990221258
0.23 1.1991738650276798
0.24 1.1987593518438757
0.25 1.1981535758681776
0.26 1.1973847053656907
0.27 1.1964884653020693
0.28 1.1954865337722147
0.29 1.1943954821229275
0.3 1.1932265969935312
0.31 1.1919459108777843
0.32 1.1904434971000661
0.33 1.1885431060647722
0.34 1.186041530304415
0.35 1.1827950531931304
0.36 1.178806112006523
0.37 1.174208377844164
0.38 1.1691631086670426
0.39 1.1637607146359423
0.4 1.157981623853435
0.41 1.151739113044849
0.42 1.1450012600950732
0.43 1.1379287731595662
0.44 1.130929045023672
0.45 1.12456952461942
0.46 1.119390577827902
0.47 1.1157280785320625
0.48 1.1136635707964029
0.49 1.1131150225133402
0.5 1.1139376799005625
0.51 1.1159673472252685
0.52 1.119055007257387
0.53 1.1230550010066747
0.54 1.1277480395897523
0.55 1.1328291701692192
0.56 1.1379807497514314
0.57 1.1429258247106544
0.58 1.1474428869886841
0.59 1.151361300643985
0.6 1.154572355755029
0.61 1.157083241750711
0.62 1.1590211310255718
0.63 1.1605357878164257
0.64 1.1617283822951636
0.65 1.1626873682057317
0.66 1.1635374305609414
0.67 1.1644192511833307
0.68 1.165448204237138
0.69 1.1667053895838553
0.7 1.1682336055889158
0.71 1.1700243191083555
0.72 1.172045316589931
0.73 1.174316284471577
0.74 1.176932221109122
0.75 1.1799540325089044
0.76 1.183262864730347
0.77 1.18655828682264
0.78 1.189501806146076
0.79 1.1918451341584184
0.8 1.1934635908031188
0.81 1.1943302000053366
0.82 1.1944754245479405
0.83 1.193962699210994
0.84 1.1928979763890784
0.85 1.1914602171707322
0.86 1.189908943646083
0.87 1.1885318603509347
0.88 1.187550776662877
0.89 1.1870548947097417
0.9 1.1870077336175173
0.91 1.187306724783487
0.92 1.1878300217767634
0.93 1.1884377946103593
0.94 1.1889844869760307
0.95 1.1893923793415047
0.96 1.1897205410714244
0.97 1.190138204643091
0.98 1.1908365395752991
0.99 1.1919865220895245
1.0 1.1937577624453741
1.01 1.1963164114230915
1.02 1.1997642529166699
1.03 1.204059511514079
1.04 1.2089830981204939
1.05 1.2141835834133143
1.06 1.2192682627222755
1.07 1.2239161338021445
1.08 1.2279813760989233
1.09 1.2315058158291423
1.1 1.2346542369485887
1.11 1.2376300024317386
1.12 1.2405731441586427
1.13 1.2435005098119492
1.14 1.2463241267224863
1.15 1.2489012703446107
1.16 1.2511045655048445
1.17 1.2528948230244144
1.18 1.2543446337435826
1.19 1.255598480178361
1.2 1.2568146601707033
1.21 1.258139379032066
1.22 1.259705451164999
1.23 1.2616286596015556
1.24 1.2639764465168044
1.25 1.2667006101848068
1.26 1.2696100866046454
1.27 1.2724369289841135
1.28 1.274920023692684
1.29 1.2768566062388764
1.3 1.2781621639456988
1.31 1.2789184240936713
1.32 1.279329259637505
1.33 1.279599938676185
1.34 1.2798489496630703
1.35 1.2801102413572778
1.36 1.2803883181794484
1.37 1.2807100388376362
1.38 1.2811437387676525
1.39 1.281783088562796
1.4 1.2827045100866332
1.41 1.283918624959183
1.42 1.285345375428209
1.43 1.2868202138454645
1.44 1.2881480358595532
1.45 1.2892019583767231
1.46 1.2899833681388317
1.47 1.2906052705445203
1.48 1.291248957581156
1.49 1.292115268533676
1.5 1.2933529553381584
1.51 1.294962993462649
1.52 1.296754653022206
1.53 1.298437247401222
1.54 1.2997681741856928
1.55 1.3006265395222343
1.56 1.301021668752746
1.57 1.301078785624382
1.58 1.3009901915399054
1.59 1.3009456304469484
1.6 1.3010745668273849
1.61 1.3014126895280693
1.62 1.3019027590483825
1.63 1.3024290842251176
1.64 1.3028749121533991
1.65 1.3031913142300366
1.66 1.3034312133936572
1.67 1.3037112678623934
1.68 1.3041628991195937
1.69 1.30494115188913
1.7 1.306249808491808
1.71 1.3083151306504641
1.72 1.3113061071100898
1.73 1.315245641792762
1.74 1.3199518901373617
1.75 1.32503598065224
1.76 1.3300024857778103
1.77 1.3344309270291381
1.78 1.338100593037094
1.79 1.3409714114741007
1.8 1.3430988587887391
1.81 1.3446043868881956
1.82 1.3456788415648697
1.83 1.3465284870437362
1.84 1.347285826858685
1.85 1.3479769095503
1.86 1.3485810680977748
1.87 1.3491232767562016
1.88 1.3497150526866548
1.89 1.3505211404948207
1.9 1.3516888449196882
1.91 1.3532742428128204
1.92 1.3551943448469315
1.93 1.3572729352496866
1.94 1.3593794694747778
1.95 1.3615326888750534
1.96 1.3638823412504806
1.97 1.36662918118342
1.98 1.3699609904151275
1.99 1.3739913936830161
2.0 1.3787275199062048
2.01 1.3841070567383253
2.02 1.38999665484224
2.03 1.3961195595315
2.04 1.4020790147024256
2.05 1.4075259030479286
2.06 1.412305298365907
2.07 1.4164368670597423
2.08 1.4199753564918494
2.09 1.4229222922035802
2.1 1.425256169074216
2.11 1.4269951014195037
2.12 1.4282102463788435
2.13 1.429002319517311
2.14 1.4294898696602836
2.15 1.429789886479881
2.16 1.4299576603022093
2.17 1.4299483969965943
2.18 1.4296650086666052
2.19 1.429045522521621
2.2 1.42810363278707
2.21 1.4269152636030853
2.22 1.4256047469462407
2.23 1.4243387335294848
2.24 1.423301495833046
2.25 1.4226596389967785
2.26 1.4225414855587912
2.27 1.4230266305695274
2.28 1.424116869533469
2.29 1.425709535364903
2.3 1.4276215136113954
2.31 1.4296294197284505
2.32 1.4314869434578048
2.33 1.432959457382772
2.34 1.4338923709935267
2.35 1.4342668929472584
2.36 1.4342036542455636
2.37 1.4339318174673181
2.38 1.4337447886758685
2.39 1.4339363119108866
2.4 1.4347611439969015
2.41 1.4364470414171926
2.42 1.4391788269904593
2.43 1.4430202264809475
2.44 1.4478615986500403
2.45 1.453438705629309
2.46 1.4593732204404093
2.47 1.4652072745355484
2.48 1.4704470262834564
2.49 1.4746275859534865
2.5 1.4773835526222836
2.51 1.478491283151989
2.52 1.477882599029475
2.53 1.4756397607722667
2.54 1.4719563970485723
2.55 1.467097027631639
2.56 1.4613877240665278
2.57 1.455187529249713
2.58 1.4488451828162336
2.59 1.4426864725172832
2.6 1.436985922876456
2.61 1.4319251453685817
2.62 1.4276204998957498
2.63 1.4241762826940123
2.64 1.4216600713732888
2.65 1.4200419512614921
2.66 1.4191913015495459
2.67 1.4189326306449734
2.68 1.4190890124998834
2.69 1.4194633701494572
2.7 1.4198148379351014
2.71 1.419912746441165
2.72 1.4196230473126192
2.73 1.4188846053741182
2.74 1.4175761450157411
2.75 1.4154711846878332
2.76 1.4123567354157052
2.77 1.4081730376815287
2.78 1.4030552811488182
2.79 1.397276109929166
2.8 1.3911493141431066
2.81 1.3849394056399804
2.82 1.3788005034048538
2.83 1.3727847233820816
2.84 1.3669100914680765
2.85 1.3612441276590879
2.86 1.3559400533045558
2.87 1.3511416759253327
2.88 1.3468355807004508
2.89 1.342828686726774
2.9 1.3388392388604045
2.91 1.3345755360768825
2.92 1.3297921628459672
2.93 1.3243786962859003
2.94 1.3184361711993473
2.95 1.312223627739674
2.96 1.3060113962009678
2.97 1.2999998218965265
2.98 1.2943041914280622
2.99 1.2889416059009076
3.0 1.2838500233575578
3.01 1.2789314063353148
3.02 1.2740803427507057
