0.0 0.5844814766467975
0.01 0.5844185447228827
0.02 0.5843777626832541
0.03 0.5843720447624892
0.04 0.5844030881260651
0.05 0.5844629079817687
0.06 0.5845363398597956
0.07 0.5846070927107452
0.08 0.5846652885853119
0.09 0.5847120257766638
0.1 0.5847597506318712
0.11 0.584829187011672
0.12 0.5849429443849796
0.13 0.5851175836575334
0.14 0.5853586717712748
0.15 0.5856605132809267
0.16 0.5860081225175318
0.17 0.5863810302993098
0.18 0.5867588091972997
0.19 0.5871247518106775
0.2 0.5874677622160458
0.21 0.587784395850149
0.22 0.5880784807433526
0.23 0.5883568258498146
0.24 0.588622903792607
0.25 0.588872558921848
0.26 0.5890952122538216
0.27 0.5892777507301805
0.28 0.5894077265922877
0.29 0.5894774377899665
0.3 0.5894883765328152
0.31 0.5894519393218205
0.32 0.5893852403870757
0.33 0.5893054790039132
0.34 0.5892259033345784
0.35 0.5891530137034872
0.36 0.5890855480622921
0.37 0.5890173295272552
0.38 0.5889422439126666
0.39 0.5888573746985921
0.4 0.5887630550226406
0.41 0.5886608104344512
0.42 0.5885508943838378
0.43 0.5884306707218673
0.44 0.5882940820774624
0.45 0.5881334862280494
0.46 0.5879440915110457
0.47 0.587727155629382
0.48 0.5874893730759138
0.49 0.5872404309251442
0.5 0.5869907779797017
0.51 0.5867504230856412
0.52 0.586528475268538
0.53 0.5863309519098792
0.54 0.5861576399725312
0.55 0.5860029707082672
0.56 0.5858601444474658
0.57 0.5857226400330775
0.58 0.585582614222192
0.59 0.5854307789400814
0.6 0.5852599737266466
0.61 0.5850697502791147
0.62 0.5848678337166335
0.63 0.5846676537737197
0.64 0.584484410832451
0.65 0.5843306258768625
0.66 0.5842111399035486
0.67 0.5841212935419539
0.68 0.5840508392700063
0.69 0.5839895545453441
0.7 0.583931100005034
0.71 0.5838746481453038
0.72 0.5838219326589182
0.73 0.5837725525671371
0.74 0.5837249520825887
0.75 0.5836797116315877
0.76 0.5836378330040801
0.77 0.583597346134288
0.78 0.5835540875506785
0.79 0.5835051673814762
0.8 0.5834504865565295
0.81 0.583391602838053
0.82 0.5833301406291458
0.83 0.5832668300113335
0.84 0.5832010784614132
0.85 0.5831316743142954
0.86 0.5830598968086549
0.87 0.58299250809675
0.88 0.5829398553127676
0.89 0.5829087282279528
0.9 0.5828951337678192
0.91 0.5828846401352787
0.92 0.5828608044918617
0.93 0.5828126182831415
0.94 0.5827356003948795
0.95 0.5826305640400933
0.96 0.5825037435355711
0.97 0.5823656953799968
0.98 0.5822275158262824
0.99 0.582097431917302
1.0 0.5819801301995666
1.01 0.5818778357806996
1.02 0.581790555524651
1.03 0.5817156639518717
1.04 0.5816480854194817
1.05 0.5815804113783234
1.06 0.5815034777029348
1.07 0.5814077593147118
1.08 0.5812837795242021
1.09 0.5811230807951744
1.1 0.5809225844219925
1.11 0.5806876809395493
1.12 0.5804296232264279
1.13 0.5801618909437014
1.14 0.5798987566498037
1.15 0.5796526871281771
1.16 0.5794296343843846
1.17 0.5792255625246447
1.18 0.579027278943435
1.19 0.5788186325053362
1.2 0.5785887068556528
1.21 0.5783364962670876
1.22 0.5780704456398438
1.23 0.5778045204699389
1.24 0.5775531783594642
1.25 0.5773268741877603
1.26 0.5771287884122079
1.27 0.5769545160292366
1.28 0.5767958543248448
1.29 0.5766458048075195
1.3 0.576500581968963
1.31 0.5763584527253967
1.32 0.576217616310437
1.33 0.5760739494559823
1.34 0.575920597105403
1.35 0.5757511013064291
1.36 0.5755628999675719
1.37 0.5753578529159036
1.38 0.5751403709666705
1.39 0.5749147053979848
1.4 0.5746830558116506
1.41 0.5744462489043727
1.42 0.5742056338523398
1.43 0.5739635758831741
1.44 0.5737223655346957
1.45 0.5734817756957487
1.46 0.5732373111011988
1.47 0.5729818345075677
1.48 0.5727089927488929
1.49 0.5724165679935305
1.5 0.5721086156783506
1.51 0.5717941168027737
1.52 0.5714836525927647
1.53 0.5711881241615386
1.54 0.5709188518654648
1.55 0.5706857013308801
1.56 0.5704939440430246
1.57 0.5703425105821713
1.58 0.570223704891158
1.59 0.5701237780878408
1.6 0.5700252700686976
1.61 0.5699121331509419
1.62 0.5697758986567402
1.63 0.5696185116897234
1.64 0.5694494668670931
1.65 0.5692799741556512
1.66 0.5691187704823178
1.67 0.5689712387217263
1.68 0.5688402156942435
1.69 0.5687262237975867
1.7 0.5686270875098575
1.71 0.5685394169621782
1.72 0.5684625927148202
1.73 0.5684023852319338
1.74 0.5683712554393665
1.75 0.5683839104593829
1.76 0.5684499889771604
1.77 0.5685705909133059
1.78 0.5687426209502344
1.79 0.5689648816838125
1.8 0.5692386345749676
1.81 0.5695636491696072
1.82 0.5699340873434089
1.83 0.5703366366152626
1.84 0.5707518230322108
1.85 0.5711580952020112
1.86 0.5715382907226897
1.87 0.5718864976205036
1.88 0.5722104890105633
1.89 0.5725285538015272
1.9 0.5728640614277687
1.91 0.5732387756010737
1.92 0.5736641176893844
1.93 0.5741350251905307
1.94 0.574633009856846
1.95 0.5751352497552706
1.96 0.5756214701216098
1.97 0.576077840787331
1.98 0.5765003251726859
1.99 0.5768946354772609
2.0 0.5772707246813038
2.01 0.577636710559394
2.02 0.5779979247509324
2.03 0.5783601163310902
2.04 0.5787297493720418
2.05 0.5791092622650684
