0.0 0.3268051514746344
0.01 0.33070673428228714
0.02 0.33450193856404997
0.03 0.33811891878804
0.04 0.3414998781016094
0.05 0.34461618465513366
0.06 0.34748806449713676
0.07 0.3501849153729779
0.08 0.3527988921357972
0.09 0.3554104670255409
0.1 0.35805938115010827
0.11 0.3607306240322794
0.12 0.36336606875468425
0.13 0.3658987113283061
0.14 0.36829181268666566
0.15 0.37055881676923574
0.16 0.3727481264522061
0.17 0.37490313128293895
0.18 0.3770364983232368
0.19 0.37914596063675
0.2 0.3812433860503339
0.21 0.3833525008257177
0.22 0.3854809036157434
0.23 0.38760570385144844
0.24 0.3896856422271435
0.25 0.3916821109047275
0.26 0.39357687032174526
0.27 0.39538418235155337
0.28 0.3971452329477332
0.29 0.39889575104656183
0.3 0.40063248175429367
0.31 0.4023136688421092
0.32 0.40388964603754873
0.33 0.4053363759008386
0.34 0.40667491441305437
0.35 0.4079683707130646
0.36 0.40929259287365083
0.37 0.41068306906214636
0.38 0.41208722316040136
0.39 0.41337341125015525
0.4 0.41440073543683065
0.41 0.4150936711983957
0.42 0.4154740160515322
0.43 0.41564911425004913
0.44 0.4157798756397506
0.45 0.4160390455987306
0.46 0.4165637971235254
0.47 0.41742987756136696
0.48 0.4186619157634701
0.49 0.4202496391921313
0.5 0.42215360846662575
0.51 0.424321550308143
0.52 0.42672251442018894
0.53 0.4293734174530952
0.54 0.43233413801583875
0.55 0.43567424221837703
0.56 0.43942254206270714
0.57 0.44352153369832026
0.58 0.44781871628914116
0.59 0.45209493072997287
0.6 0.4561124476676408
0.61 0.45967879417451396
0.62 0.46271172586568676
0.63 0.46526693797778496
0.64 0.4675015598438872
0.65 0.46959668340561445
0.66 0.47168710739259456
0.67 0.47381855224698377
0.68 0.47593387035037393
0.69 0.47789469309464616
0.7 0.47953659052337194
0.71 0.48074585332999487
0.72 0.48152469133910936
0.73 0.48199737249460295
0.74 0.4823528021852428
0.75 0.482761668580439
0.76 0.4833123398489514
0.77 0.48399511770958314
0.78 0.48472901678425284
0.79 0.48540634579863084
0.8 0.4859338444918704
0.81 0.4862586551579211
0.82 0.48638196214917073
0.83 0.48635383734345705
0.84 0.48623473786529203
0.85 0.486043731746749
0.86 0.4857358163091883
0.87 0.485227288537291
0.88 0.4844561711368236
0.89 0.48344074301586293
0.9 0.4822933313294602
0.91 0.4811795577165885
0.92 0.48026339262808104
0.93 0.47967868162628413
0.94 0.479518285723326
0.95 0.47981682283160554
0.96 0.48053399082090653
0.97 0.48155848785102506
0.98 0.48273818115739164
0.99 0.4839259482800746
1.0 0.4850212416420412
1.01 0.48598991579012285
1.02 0.4868532918573125
1.03 0.487656281357832
1.04 0.4884417934432288
1.05 0.48923913625828286
1.06 0.49005824407724896
1.07 0.4908926265868736
1.08 0.49172568403498484
1.09 0.4925290634270225
1.1 0.49325645286222475
1.11 0.4938434028258474
1.12 0.4942225565875886
1.13 0.49435467302794445
1.14 0.494261597722097
1.15 0.49404035689969916
1.16 0.4938483363279973
1.17 0.4938649702826732
1.18 0.4942386419947966
1.19 0.4950387617615344
1.2 0.49623801336593987
1.21 0.49773183279444266
1.22 0.49939028891485426
1.23 0.5011161778230204
1.24 0.5028717171891555
1.25 0.5046754744184314
1.26 0.5065867348760804
1.27 0.5086731682605654
1.28 0.5109689418455496
1.29 0.513447411441649
1.3 0.5160251724104681
1.31 0.5185936930326034
1.32 0.5210540286388392
1.33 0.5233381707079103
1.34 0.5254181266977511
1.35 0.5273014614793099
1.36 0.5290105433732681
1.37 0.5305546790296041
1.38 0.5319188638546586
1.39 0.5330855886318959
1.4 0.5340710716158648
1.41 0.5349430922906708
1.42 0.535810366767286
1.43 0.5367917758678664
1.44 0.5379835981493923
1.45 0.5394436051022722
1.46 0.5411918454312166
1.47 0.5432194262552739
1.48 0.5455012600364619
1.49 0.5480066013785603
1.5 0.5506997180958262
1.51 0.5535309439829481
1.52 0.5564302834153776
1.53 0.5593154970135363
1.54 0.5621150090187723
1.55 0.5647935106144182
1.56 0.5673627016994653
1.57 0.5698705480139692
1.58 0.5723764771947271
1.59 0.5749172725797913
1.6 0.5774728430963458
1.61 0.5799562832956116
1.62 0.5822337610543165
1.63 0.5841549034263767
1.64 0.5855863676561728
1.65 0.586455816104678
1.66 0.5867996129775261
1.67 0.5867844693480229
1.68 0.5866733468214664
1.69 0.5867393694826863
1.7 0.5871783771195038
1.71 0.5880654458117411
1.72 0.5893506439552603
1.73 0.5908848418279393
1.74 0.5924785597527533
1.75 0.5939704066755387
1.76 0.5952710681256872
1.77 0.5963720978321208
1.78 0.5973256635105808
1.79 0.5982102528287774
1.8 0.5991019462583504
1.81 0.6000591180835486
1.82 0.6011119273725467
1.83 0.6022491315943648
1.84 0.6034108251263923
1.85 0.6045011501501185
1.86 0.6054213423498207
1.87 0.6061091221975823
1.88 0.6065659337505291
1.89 0.6068586096996045
1.9 0.6070922332172324
1.91 0.6073647981987063
1.92 0.6077313896695178
1.93 0.6082013413658038
1.94 0.6087644814129773
1.95 0.6094200378108154
1.96 0.6101803927193425
1.97 0.6110542724098869
1.98 0.6120349221666062
1.99 0.613095983878658
2.0 0.6141910162187085
2.01 0.6152647321332045
2.02 0.6162759238725766
2.03 0.617219476948605
2.04 0.6181356440435284
2.05 0.6191076585931703
2.06 0.620252198222428
2.07 0.6216956660746553
2.08 0.6235359708730162
2.09 0.6258111912958881
2.1 0.6284876911914785
2.11 0.6314563192388496
2.12 0.6345372346017668
2.13 0.637509268252066
2.14 0.6401623039566204
2.15 0.6423518078346646
2.16 0.6440293898396985
2.17 0.6452366500120377
2.18 0.6460694371993543
2.19 0.6466233857360879
2.2 0.6469414383974024
2.21 0.64698941067256
2.22 0.6466659032423823
2.23 0.6458391049089593
2.24 0.6443957152551358
2.25 0.6422885578476802
2.26 0.6395793173843423
2.27 0.6364576902563672
2.28 0.6332114996945322
2.29 0.6301541833196382
2.3 0.6275428201384781
2.31 0.6255211145639761
2.32 0.6241016371354737
2.33 0.6231783860815985
2.34 0.6225656592661624
2.35 0.6220666100860148
2.36 0.621547254478239
2.37 0.6209738564729763
2.38 0.620401095012209
2.39 0.6199362739706213
2.4 0.6197085394377355
2.41 0.6198455523542838
2.42 0.6204449108330281
2.43 0.6215363654112709
2.44 0.623044410407819
2.45 0.6247701529610321
2.46 0.6264115299713295
2.47 0.6276233348045412
2.48 0.628098427176468
2.49 0.6276486875706233
2.5 0.6262539773640534
2.51 0.6240497535614842
2.52 0.6212641932497593
2.53 0.6181419188015518
2.54 0.6148854835504829
2.55 0.6116243738960891
2.56 0.6084061366396019
2.57 0.6052090079414563
2.58 0.6019756804789762
2.59 0.5986583651938608
2.6 0.5952636885217988
2.61 0.5918884000324312
2.62 0.5887242778760315
2.63 0.586010338515127
2.64 0.5839524586416873
2.65 0.5826542276228723
2.66 0.5820820399312083
2.67 0.5820748157323865
2.68 0.582395674098211
2.69 0.5827878072946153
2.7 0.5830029722792442
2.71 0.5828255281514907
2.72 0.5821100848788054
2.73 0.5807965531285184
2.74 0.5788869883895726
2.75 0.5764228201047485
2.76 0.5734742566402824
2.77 0.5701155400442723
2.78 0.5663969396033139
2.79 0.562348364954965
2.8 0.5580038710140602
2.81 0.5534097302245615
2.82 0.5486052101925489
2.83 0.5435903528068571
2.84 0.5383091193524612
2.85 0.5326706128254091
2.86 0.5265978103720723
2.87 0.5200744946018725
2.88 0.5131590792587581
2.89 0.5059528417400312
2.9 0.4985489679767814
2.91 0.49099842905927504
2.92 0.48331511731630883
2.93 0.47551157540430067
2.94 0.46762700503059396
2.95 0.4597295163415702
2.96 0.4518996179234809
2.97 0.4442062961629105
2.98 0.43669634817737446
2.99 0.42940265432427704
3.0 0.4223420878752324
3.01 0.4154805014272509
3.02 0.4087023761990638
