0.0 1.3289695000114632
0.01 1.330531844249629
0.02 1.3320671177730357
0.03 1.3335947302251068
0.04 1.3351540327054963
0.05 1.3367968731807163
0.06 1.338584549363595
0.07 1.3405811001364096
0.08 1.3428398005963382
0.09 1.3453948562499782
0.1 1.348261057562516
0.11 1.351427450897278
0.12 1.35484659792316
0.13 1.3584416900338057
0.14 1.3621312877732605
0.15 1.3658461507126414
0.16 1.3695302093669404
0.17 1.3731326745198489
0.18 1.3765986269516888
0.19 1.379876647538543
0.2 1.3829554191325122
0.21 1.385911356954872
0.22 1.3889349992398135
0.23 1.3923073518162519
0.24 1.3963182085411407
0.25 1.4011798462578633
0.26 1.4070241059497737
0.27 1.4139815716222097
0.28 1.4222383893843014
0.29 1.4320208538136687
0.3 1.4435640664931872
0.31 1.4570996218488719
0.32 1.4728317812200764
0.33 1.4908924078755903
0.34 1.5112992725708114
0.35 1.5339364129538366
0.36 1.5585948433958348
0.37 1.5850905237577009
0.38 1.6133832489675122
0.39 1.643612478208666
0.4 1.6760370684216612
0.41 1.7109058315562193
0.42 1.7483129853443367
0.43 1.7881169684291254
0.44 1.8299705957371155
0.45 1.8734164836401606
0.46 1.9179637962997362
0.47 1.963136959094288
0.48 2.008519681541458
0.49 2.0537699979707833
0.5 2.098596099877652
0.51 2.1427313328963424
0.52 2.1859215862302435
0.53 2.2279080765830157
0.54 2.2684169509026546
0.55 2.307175939194291
0.56 2.3439391207718763
0.57 2.37849783482718
0.58 2.410690963225715
0.59 2.4404285482556682
0.6 2.467727489764492
0.61 2.4927415332301806
0.62 2.5157430784993955
0.63 2.537040448702652
0.64 2.55687841548975
0.65 2.5753857774176447
0.66 2.592596128081006
0.67 2.6085185487078757
0.68 2.623208065037446
0.69 2.6367863055581804
0.7 2.649388138065165
0.71 2.661086897042529
0.72 2.6718819439286863
0.73 2.6817434639440925
0.74 2.690648280452291
0.75 2.6985954227623985
0.76 2.7056388089701064
0.77 2.7119156373802857
0.78 2.7176162800294574
0.79 2.72291324373554
0.8 2.727899020349202
0.81 2.7325608816732094
0.82 2.7368138801902817
0.83 2.740573639339166
0.84 2.7438073260291165
0.85 2.746540249106022
0.86 2.748846062178789
0.87 2.7508335244307283
0.88 2.752623062502245
0.89 2.754318255007761
0.9 2.7559751469205995
0.91 2.7575756933317064
0.92 2.759039956674184
0.93 2.760280075277262
0.94 2.761247292528166
0.95 2.7619508208586536
0.96 2.762459104657217
0.97 2.7628861033833076
0.98 2.7633650438190376
0.99 2.764015142300867
1.0 2.764907974270792
1.01 2.7660450024332013
1.02 2.7673548187552637
1.03 2.7687105256034887
1.04 2.7699609374221814
1.05 2.770970323985161
1.06 2.771661885017196
1.07 2.772043501272022
1.08 2.7721960165700543
1.09 2.7722413926135374
1.1 2.772312277937736
1.11 2.7725176540130225
1.12 2.772914764776704
1.13 2.773511585753385
1.14 2.774285743371083
1.15 2.7751876175091077
1.16 2.7761295492013742
1.17 2.776986942741371
1.18 2.7776224914665657
1.19 2.7779230560200663
1.2 2.7778353430694933
1.21 2.7773881334597794
1.22 2.7766848987470167
1.23 2.7758684480593745
1.24 2.775077116627187
1.25 2.774404974312289
1.26 2.773883128887393
1.27 2.773489597718317
1.28 2.7731616587563397
1.29 2.772798812768711
1.3 2.7722791064344605
1.31 2.7714931852848115
1.32 2.770375599772043
1.33 2.7689269155955603
1.34 2.7672273735726605
1.35 2.765431851464252
1.36 2.763741103818208
1.37 2.7623549073990685
1.38 2.7614160542098616
1.39 2.760963267952162
1.4 2.7609156619998716
1.41 2.761099355272797
1.42 2.7613011006100425
1.43 2.7613258118311697
1.44 2.7610521312853065
1.45 2.760472840932927
1.46 2.7596943179826416
1.47 2.7588918820032355
1.48 2.758239029864837
1.49 2.757829425571427
1.5 2.7576165463476636
1.51 2.757408523925266
1.52 2.756936978085813
1.53 2.7559620187871112
1.54 2.7543503209501017
1.55 2.752098258284575
1.56 2.7493123915185578
1.57 2.7461778383859077
1.58 2.742934854181381
1.59 2.7398418357053265
1.6 2.7370950741684914
1.61 2.734741163457986
1.62 2.732664923371667
1.63 2.7306710455650376
1.64 2.728587619520524
1.65 2.726331182500156
1.66 2.7239232511629
1.67 2.721469738050371
1.68 2.719126034587057
1.69 2.7170639746941156
1.7 2.7154406240560878
1.71 2.7143612308558027
1.72 2.7138401752548473
1.73 2.713778920436901
1.74 2.713982058072737
1.75 2.7142200611950913
1.76 2.714310763605229
1.77 2.7141689582844486
1.78 2.7138043650876345
1.79 2.7132905436784225
1.8 2.7127212920172408
1.81 2.7121555059643554
1.82 2.7115773594426007
1.83 2.710906175154392
1.84 2.7100479631676455
1.85 2.708950155531058
1.86 2.7076268030580946
1.87 2.706146927406491
1.88 2.704610246613603
1.89 2.703138284333386
1.9 2.701874010481018
1.91 2.7009596799709783
1.92 2.7004949147789845
1.93 2.700499724074022
1.94 2.700888788319309
1.95 2.701479615908913
1.96 2.70205583672605
1.97 2.7024365326007724
1.98 2.702486756155253
1.99 2.7020845647482092
2.0 2.7010926513114826
2.01 2.699337840862192
2.02 2.6965945933385265
2.03 2.6925797929820248
2.04 2.686971458508608
2.05 2.679476484394889
2.06 2.669926570015278
2.07 2.658331038403711
2.08 2.644851493467565
2.09 2.6297305070144406
2.1 2.6132269291312804
2.11 2.5955805446196147
2.12 2.576984953159163
2.13 2.5575369821192084
2.14 2.537170990190027
2.15 2.5156284520285697
2.16 2.4924967749232017
2.17 2.467285349319338
2.18 2.4394896081729947
2.19 2.4086524101549385
2.2 2.3744497884235813
2.21 2.3367682367575084
2.22 2.2957269710102164
2.23 2.2516649122422785
2.24 2.2051143165405422
2.25 2.1567312413440134
2.26 2.107192821172385
2.27 2.0571199267278066
2.28 2.00704616581877
2.29 1.957438583231883
2.3 1.9087742868293254
2.31 1.86159967260205
2.32 1.8164963511863923
2.33 1.7739969723787978
2.34 1.7345218127701458
2.35 1.698355995827432
2.36 1.6656669620296154
2.37 1.6365491837386008
2.38 1.6110713807854782
2.39 1.5893024272237684
2.4 1.5713011155362921
2.41 1.557066323530159
2.42 1.5464674370163793
2.43 1.5391847649490646
2.44 1.534677995005246
2.45 1.532219734615262
2.46 1.5310279881205466
2.47 1.5304508416269842
2.48 1.5301056604494407
2.49 1.5299066414035738
2.5 1.5299818312857885
2.51 1.530531246676892
2.52 1.5316872712665104
2.53 1.533431395287971
2.54 1.535585921971062
2.55 1.537863154247053
2.56 1.5399464026963612
2.57 1.541563075528082
2.58 1.5425242589820773
2.59 1.5427422864711144
2.6 1.5422333264762393
2.61 1.5411009425589195
2.62 1.5395162174643402
2.63 1.537706505297228
2.64 1.5359345674422547
2.65 1.5344496043723574
2.66 1.533416343397962
2.67 1.5328646865280273
2.68 1.5327070239967284
2.69 1.532807317877189
2.7 1.5330501510804182
2.71 1.5333762958624457
2.72 1.5337698641342739
2.73 1.534209880802302
2.74 1.534624498896624
2.75 1.5348858247242352
2.76 1.5348494686709953
2.77 1.5344002636490672
2.78 1.5334792669107289
2.79 1.5321012167198003
2.8 1.530356390298269
2.81 1.5283794067666987
2.82 1.526298407501117
2.83 1.5241958484612277
2.84 1.5220946244569769
2.85 1.5199642689032515
2.86 1.517741380257569
2.87 1.5153559643302197
2.88 1.512744361507694
2.89 1.509850000805029
2.9 1.5066320635862542
2.91 1.5030754104374981
2.92 1.4991946426800893
2.93 1.4950457870509286
2.94 1.4907403929143892
2.95 1.486442393375623
2.96 1.4823359517502706
2.97 1.4785684353941582
2.98 1.4752042321416585
2.99 1.472224435058029
3.0 1.469558313976235
3.01 1.467106547497671
3.02 1.464745937692551
