0.0 3.291545329754606
0.01 3.290594162259989
0.02 3.2896549511442816
0.03 3.2887325838944257
0.04 3.2878372842939942
0.05 3.286975911126261
0.06 3.2861393956439344
0.07 3.2852981321332235
0.08 3.284407234841794
0.09 3.2834168496166125
0.1 3.28228908873179
0.11 3.2810177952268385
0.12 3.2796365991225223
0.13 3.2782078048068573
0.14 3.2767995142379838
0.15 3.2754650618031893
0.16 3.2742329760101776
0.17 3.2731066578264603
0.18 3.2720677610503555
0.19 3.271079483854864
0.2 3.270097603961695
0.21 3.26909357767712
0.22 3.2680751001986046
0.23 3.267089788236651
0.24 3.266212900258245
0.25 3.2655257561121114
0.26 3.2650902527999652
0.27 3.2649269293539023
0.28 3.265007282338113
0.29 3.265266224586903
0.3 3.265625537666799
0.31 3.2660093159252956
0.32 3.2663459675444892
0.33 3.2665667745414626
0.34 3.266607753880857
0.35 3.2664205015170764
0.36 3.265991506241494
0.37 3.265353646196728
0.38 3.2645749564968405
0.39 3.263729051677118
0.4 3.2628690644004097
0.41 3.26202054017257
0.42 3.261188247225172
0.43 3.2603647291600013
0.44 3.2595359387784684
0.45 3.258688139387689
0.46 3.2578179778709893
0.47 3.2569376757033375
0.48 3.2560677053568097
0.49 3.2552252466602685
0.5 3.254420368200605
0.51 3.2536555500756097
0.52 3.2529225264114636
0.53 3.25220307248002
0.54 3.2514756809327805
0.55 3.250718959144285
0.56 3.2499123696907133
0.57 3.249042377982274
0.58 3.248110964563308
0.59 3.2471398803199962
0.6 3.2461668200956817
0.61 3.2452312062998194
0.62 3.244355161833887
0.63 3.2435333412791056
0.64 3.242742778137066
0.65 3.2419634485914273
0.66 3.2411878014558906
0.67 3.2404177730151558
0.68 3.2396631488674363
0.69 3.2389449459358612
0.7 3.238295873012073
0.71 3.2377479165457563
0.72 3.2373119365791183
0.73 3.2369673062099245
0.74 3.236668758948997
0.75 3.2363643872698944
0.76 3.236012435823169
0.77 3.2355881693182313
0.78 3.235084830948631
0.79 3.234511279686599
0.8 3.233885702629599
0.81 3.233229073197246
0.82 3.2325580637514055
0.83 3.2318794910942366
0.84 3.231193389681587
0.85 3.2305006498619657
0.86 3.229806004492071
0.87 3.2291167856035337
0.88 3.228440742134488
0.89 3.22778310948432
0.9 3.2271459378815175
0.91 3.22653059310529
0.92 3.225937774408024
0.93 3.2253650514752077
0.94 3.224805286475778
0.95 3.2242463912308237
0.96 3.2236757047166504
0.97 3.223086807620151
0.98 3.2224810236829518
0.99 3.221865454013271
1.0 3.221253496296592
1.01 3.2206658824230585
1.02 3.220128634660939
1.03 3.2196678167416644
1.04 3.2193014692911928
1.05 3.2190332483789654
1.06 3.218853157493521
1.07 3.2187435585303765
1.08 3.2186868597979132
1.09 3.218671620016371
1.1 3.218693686427453
1.11 3.2187534902996764
1.12 3.218849927107209
1.13 3.218970884832293
1.14 3.2190886384811845
1.15 3.2191667217418374
1.16 3.2191726311373436
1.17 3.21908844647691
1.18 3.218915851082126
1.19 3.218672860706665
1.2 3.2183837451658297
1.21 3.2180681735553973
1.22 3.217732975797701
1.23 3.217368185045676
1.24 3.2169492436030658
1.25 3.21644328367909
1.26 3.215816716664852
1.27 3.2150445557695946
1.28 3.214120460088813
1.29 3.213064061903304
1.3 3.211920308594964
1.31 3.210748090170551
1.32 3.2096051492014617
1.33 3.20853700728107
1.34 3.20757015105583
1.35 3.206709101238473
1.36 3.2059381173560997
1.37 3.2052285952285966
1.38 3.2045521229673306
1.39 3.203892573626506
1.4 3.2032493425643276
1.41 3.2026301030964386
1.42 3.2020388825493615
1.43 3.201468415986221
1.44 3.2008979058910842
1.45 3.200293526112948
1.46 3.19961342537711
1.47 3.198816318238595
1.48 3.197871658180182
1.49 3.1967713085298612
1.5 3.1955371184856975
1.51 3.1942156437639935
1.52 3.1928590618510153
1.53 3.191505223801547
1.54 3.1901710116228
1.55 3.1888561762312104
1.56 3.187547953106164
1.57 3.1862265878949376
1.58 3.184874809446676
1.59 3.1834884614687677
1.6 3.1820826135664473
1.61 3.180690122222456
1.62 3.179353793238211
1.63 3.1781169192026915
1.64 3.1770175795722038
1.65 3.176083252864568
1.66 3.1753213485798777
1.67 3.174713537344319
1.68 3.1742210913598443
1.69 3.1737975140034362
1.7 3.1734004297660343
1.71 3.1729987855875925
1.72 3.1725767972081167
1.73 3.172134697030964
1.74 3.1716833034126997
1.75 3.17123279470032
1.76 3.1707827905217645
1.77 3.1703219301904304
1.78 3.169836270115832
1.79 3.1693169395970275
1.8 3.1687628828670347
1.81 3.1681839363351485
1.82 3.167605458133823
1.83 3.1670670457230283
1.84 3.1666107206298504
1.85 3.1662653890952797
1.86 3.1660377124191466
1.87 3.1659112661901276
1.88 3.1658499734811247
1.89 3.1658038832993904
1.9 3.1657193192163025
1.91 3.1655538452455794
1.92 3.1652881663011345
1.93 3.1649280111068183
1.94 3.164499130588585
1.95 3.164037660397476
1.96 3.1635770929766567
1.97 3.1631400876651923
1.98 3.162739543131216
1.99 3.162381135389868
2.0 3.162061858790367
2.01 3.1617710132447314
2.02 3.1614960223631523
2.03 3.161227295412765
2.04 3.160959304647404
2.05 3.160685785855452
2.06 3.1603903159042384
2.07 3.1600427884220785
2.08 3.159606207996297
2.09 3.1590457234285667
2.1 3.1583370298766136
2.11 3.157475892744365
2.12 3.1564830957152723
2.13 3.155400614782917
2.14 3.1542836863307087
2.15 3.153191661472998
2.16 3.152177184229045
2.17 3.151278056012972
2.18 3.1505165856843504
2.19 3.1499058494767755
2.2 3.1494580475117426
2.21 3.1491903597998374
2.22 3.1491258713512265
2.23 3.149286016763672
2.24 3.1496775810337665
2.25 3.1502833404479316
2.26 3.151056295059347
2.27 3.151917254339181
2.28 3.1527636055863324
2.29 3.1534888247329773
2.3 3.1540030926082028
2.31 3.15424959324556
2.32 3.154214193244759
2.33 3.153928346888065
2.34 3.153465211437523
2.35 3.1529213457492067
2.36 3.1523858604366928
2.37 3.151915386163158
2.38 3.151525174376356
2.39 3.1511928341448137
2.4 3.150869649496346
2.41 3.1504982514136843
2.42 3.150032371995633
2.43 3.1494502998237586
2.44 3.14876317559515
2.45 3.148021672787641
2.46 3.147310412726379
2.47 3.1467243826064246
2.48 3.146340755318218
2.49 3.1461987063055443
2.5 3.1462925514083566
2.51 3.1465785948947733
2.52 3.146990674652953
2.53 3.147460975811742
2.54 3.147941369989311
2.55 3.1484181312218062
2.56 3.148916302912423
2.57 3.1494912155784847
2.58 3.1502079070858477
2.59 3.1511161256091493
2.6 3.1522289196130338
2.61 3.153511609021216
2.62 3.1548881852669033
2.63 3.156264614306136
2.64 3.1575579564220493
2.65 3.15871748418278
2.66 3.1597329274525108
2.67 3.160632641308739
2.68 3.16147170371325
2.69 3.162314313755806
2.7 3.1632208568804407
2.71 3.1642414954575284
2.72 3.1654129010506464
2.73 3.1667595647219775
2.74 3.1682972272392145
2.75 3.1700279270733556
2.76 3.1719288012796674
2.77 3.173953303121466
2.78 3.176048457602053
2.79 3.1781711680291114
2.8 3.1802958821629486
2.81 3.18241796031801
2.82 3.184552854663357
2.83 3.186732043868312
2.84 3.18899826413886
2.85 3.1913960520115277
2.86 3.1939566062904583
2.87 3.196685315287713
2.88 3.1995603289130377
2.89 3.2025422890210278
2.9 3.2055900491530185
2.91 3.2086756409626966
2.92 3.2117879589785443
2.93 3.2149259216586064
2.94 3.218094393325203
2.95 3.221303809406705
2.96 3.2245691446060913
2.97 3.2279090999857774
2.98 3.231339745677724
2.99 3.2348612955707723
3.0 3.2384532155357095
3.01 3.2420888860816848
3.02 3.245755639798449
