0.0 -0.14781229277180108
0.01 -0.1454469144797237
0.02 -0.1431381090189734
0.03 -0.1410039627067703
0.04 -0.1391610335231075
0.05 -0.13771378984114957
0.06 -0.13680404150418424
0.07 -0.13665653971616631
0.08 -0.13752792434349104
0.09 -0.13956356114342805
0.1 -0.14267305867325808
0.11 -0.1465307602614203
0.12 -0.15068223955147486
0.13 -0.15465922604928295
0.14 -0.15805275706733823
0.15 -0.16055411836756894
0.16 -0.16199588085154515
0.17 -0.16240041881083078
0.18 -0.16198377814111797
0.19 -0.16108202380400005
0.2 -0.16004607292040207
0.21 -0.15916539787392248
0.22 -0.15865411292505804
0.23 -0.1586875976531319
0.24 -0.15941389340951373
0.25 -0.1609081383625801
0.26 -0.16314466417923956
0.27 -0.1660192367305955
0.28 -0.1693709867799318
0.29 -0.17299302479554513
0.3 -0.17665748759919842
0.31 -0.1801527599267363
0.32 -0.1833154053242354
0.33 -0.18606031470202167
0.34 -0.18840072556567034
0.35 -0.19041669443571196
0.36 -0.19219606212609852
0.37 -0.1938198752146425
0.38 -0.19537983020181215
0.39 -0.19697056887550657
0.4 -0.1986512289248039
0.41 -0.20041027135011458
0.42 -0.202157304899671
0.43 -0.20373285491270465
0.44 -0.2049205700404486
0.45 -0.2054818747469973
0.46 -0.2052311422652071
0.47 -0.20411030245309592
0.48 -0.20222530065002875
0.49 -0.19984253368747362
0.5 -0.19733451946893776
0.51 -0.1951020985611902
0.52 -0.19351866001554852
0.53 -0.1928832751928593
0.54 -0.19338427518301948
0.55 -0.19506040142178804
0.56 -0.19772664087421843
0.57 -0.20096753877776186
0.58 -0.20426157468654838
0.59 -0.20710887857542026
0.6 -0.2091129368887601
0.61 -0.21008924700270448
0.62 -0.2101453228741268
0.63 -0.20962508172979932
0.64 -0.20898033844777153
0.65 -0.20865453991905714
0.66 -0.20895421557809168
0.67 -0.20993768102307442
0.68 -0.2114125661428865
0.69 -0.21303067621852056
0.7 -0.21441391210410332
0.71 -0.21530272160730712
0.72 -0.21567190669431735
0.73 -0.21569879543280424
0.74 -0.21562500741927693
0.75 -0.21566034681799717
0.76 -0.2159334051119357
0.77 -0.2164500033824721
0.78 -0.21711737130281916
0.79 -0.21783042497809735
0.8 -0.2185177689354263
0.81 -0.21912291472406542
0.82 -0.21960590333789254
0.83 -0.2199791365753634
0.84 -0.2203012070052881
0.85 -0.22062061319536408
0.86 -0.22090699664684577
0.87 -0.22101485417101108
0.88 -0.2207449496165408
0.89 -0.2199740243852486
0.9 -0.21872895521198155
0.91 -0.21714136437327092
0.92 -0.21533894541068754
0.93 -0.21339127090529342
0.94 -0.2113503216083794
0.95 -0.20928825970813625
0.96 -0.20726691037047917
0.97 -0.2053022200460095
0.98 -0.2033695476089301
0.99 -0.20143173981017304
1.0 -0.19947830277462453
1.01 -0.19754967559897496
1.02 -0.19571667817476657
1.03 -0.19405158219667573
1.04 -0.19264119339676933
1.05 -0.1916122970644576
1.06 -0.1911169999639184
1.07 -0.19127204690382626
1.08 -0.19207654979726874
1.09 -0.193356260536393
1.1 -0.1947863031251682
1.11 -0.1960020922987349
1.12 -0.19674544582256548
1.13 -0.19696619021470374
1.14 -0.19683378076703795
1.15 -0.196670285338568
1.16 -0.1968560481753987
1.17 -0.19774570212952813
1.18 -0.1995893020342452
1.19 -0.20245694446001128
1.2 -0.2061983429382166
1.21 -0.21046804944913333
1.22 -0.21480996687550125
1.23 -0.21877577266608705
1.24 -0.22205744355228596
1.25 -0.2245885670988237
1.26 -0.22655540722372658
1.27 -0.22831126739711527
1.28 -0.23023785355413873
1.29 -0.23260475849224171
1.3 -0.23547320973275854
1.31 -0.2386825229349614
1.32 -0.24192581197307872
1.33 -0.24486359193995932
1.34 -0.24720676722675217
1.35 -0.24875240578781455
1.36 -0.24939553748649468
1.37 -0.2491427934831032
1.38 -0.24814831462443365
1.39 -0.24674057772475777
1.4 -0.24536594586396232
1.41 -0.24445603649409486
1.42 -0.24430433793492545
1.43 -0.2449956021738684
1.44 -0.24640578052957407
1.45 -0.24828745293968968
1.46 -0.2503851211430854
1.47 -0.25250612074413414
1.48 -0.254548069480232
1.49 -0.2565049098843777
1.5 -0.25845190115526995
1.51 -0.2605099096044712
1.52 -0.2627761157206159
1.53 -0.2652420949240275
1.54 -0.26776968141931334
1.55 -0.27013734995018934
1.56 -0.2721204734751086
1.57 -0.273588804050525
1.58 -0.27457341782617295
1.59 -0.27524427192073153
1.6 -0.2758156616078127
1.61 -0.2764412368691014
1.62 -0.27715864324746065
1.63 -0.27790378308360886
1.64 -0.27854061227219296
1.65 -0.27887556733570085
1.66 -0.27870215387492214
1.67 -0.27788703515940316
1.68 -0.2764399329146525
1.69 -0.27452492447637633
1.7 -0.27240951340199926
1.71 -0.27037195263657754
1.72 -0.26862563254117466
1.73 -0.26730808348152024
1.74 -0.26651001653650574
1.75 -0.26630030280369965
1.76 -0.2667396866599927
1.77 -0.2678848411195025
1.78 -0.26977620804639324
1.79 -0.27241746575818615
1.8 -0.27575805519571706
1.81 -0.27967591524729407
1.82 -0.28396352163180616
1.83 -0.28833149103873223
1.84 -0.29242988439093986
1.85 -0.29587868639277737
1.86 -0.29833081960205643
1.87 -0.2995863140842143
1.88 -0.29969410719138834
1.89 -0.29895307789601544
1.9 -0.2978032240882782
1.91 -0.29667135651438015
1.92 -0.29584886138717614
1.93 -0.29545182119144764
1.94 -0.2954677960662737
1.95 -0.29583715900442176
1.96 -0.29650125745678846
1.97 -0.2974075500717901
1.98 -0.2984986085413919
1.99 -0.2997032869419476
2.0 -0.3009543814309712
2.01 -0.30222784542771564
2.02 -0.3035561239224136
2.03 -0.30500511933608676
2.04 -0.3066534131209604
2.05 -0.3085902998459007
2.06 -0.31090946615071235
2.07 -0.31368629781358237
2.08 -0.3169560315111162
2.09 -0.3207003499290795
2.1 -0.3248251372856168
2.11 -0.32912635470771834
2.12 -0.33328441473978865
2.13 -0.3369241935686187
2.14 -0.33971698946030493
2.15 -0.34146410013405326
2.16 -0.3421184338685852
2.17 -0.34174673780108344
2.18 -0.3404739266681429
2.19 -0.3384344489550406
2.2 -0.33572984579623366
2.21 -0.33240847372856264
2.22 -0.3284950633550756
2.23 -0.3240751641118611
2.24 -0.31936922436245485
2.25 -0.3147101118681572
2.26 -0.31044857790031166
2.27 -0.3068666571047909
2.28 -0.30412982570063596
2.29 -0.30228398478280827
2.3 -0.3012930868633923
2.31 -0.3010948418549706
2.32 -0.3016156646602308
2.33 -0.3027032889231225
2.34 -0.3040634808113496
2.35 -0.30529751233403823
2.36 -0.30597208870884973
2.37 -0.3056408991574444
2.38 -0.3038895411613054
2.39 -0.30045218319427525
2.4 -0.29529435406902316
2.41 -0.2885957341587946
2.42 -0.2806931592672086
2.43 -0.2720053220867733
2.44 -0.2629360523281181
2.45 -0.2538381554989333
2.46 -0.24504689535549984
2.47 -0.23686339811451607
2.48 -0.22947310505659813
2.49 -0.22288009220929839
2.5 -0.21689319540701568
2.51 -0.21120523817313863
2.52 -0.20554445992895243
2.53 -0.19978408401552894
2.54 -0.19396678300339865
2.55 -0.1882614353201002
2.56 -0.1828581569982224
2.57 -0.17783684766129237
2.58 -0.17308684876616143
2.59 -0.16832043214924575
2.6 -0.16314402092370273
2.61 -0.15716845590378092
2.62 -0.150163849584386
2.63 -0.14218260918683612
2.64 -0.13353486521889124
2.65 -0.12463125410663212
2.66 -0.11581738932087493
2.67 -0.10726200683303455
2.68 -0.09894489498587289
2.69 -0.09078958334029785
2.7 -0.0828354298819618
2.71 -0.0753011086750246
2.72 -0.06851730152648239
2.73 -0.0627760671178983
2.74 -0.05820256911261268
2.75 -0.054761541294953364
2.76 -0.05235492185119117
2.77 -0.05091202061877054
2.78 -0.050460964380247386
2.79 -0.05113614788483334
2.8 -0.05308027357230305
2.81 -0.05632939667565884
2.82 -0.06074993179910271
2.83 -0.06602682828584383
2.84 -0.07172902201720177
2.85 -0.07743838521318924
2.86 -0.08286516397923549
2.87 -0.08789914811266053
2.88 -0.09260246027816343
2.89 -0.0971782067909408
2.9 -0.1019262744569307
2.91 -0.10720044451309496
2.92 -0.1134076237650512
2.93 -0.12099451400247085
2.94 -0.13029097282601976
2.95 -0.1412306172625568
2.96 -0.1531329111345121
2.97 -0.1647136154812623
2.98 -0.17442202523565387
2.99 -0.18104431000574195
3.0 -0.1842222751210496
3.01 -0.1845580275459633
3.02 -0.18336767468185
