0.0 -2.408656724620764
0.01 -2.4107474957998196
0.02 -2.4128420928593237
0.03 -2.4149589622817222
0.04 -2.4171056399546
0.05 -2.4192905179074518
0.06 -2.4215325458079904
0.07 -2.423867620781043
0.08 -2.4263561354488115
0.09 -2.429084735489967
0.1 -2.432144488132477
0.11 -2.435590436825807
0.12 -2.4394060443541283
0.13 -2.443487015719207
0.14 -2.4476583376209846
0.15 -2.451726150494476
0.16 -2.455534518570152
0.17 -2.4589960816308096
0.18 -2.4621088489077843
0.19 -2.464970680870084
0.2 -2.467750108921654
0.21 -2.4706065225351432
0.22 -2.47360958068389
0.23 -2.476688255904121
0.24 -2.479633879055526
0.25 -2.482163063390727
0.26 -2.484006250704262
0.27 -2.4849966655895113
0.28 -2.4851378431968567
0.29 -2.484612378166681
0.3 -2.4837226259714233
0.31 -2.482808348223975
0.32 -2.482182303603567
0.33 -2.4820916758446256
0.34 -2.4827091932906207
0.35 -2.4841277003041013
0.36 -2.486333141421144
0.37 -2.4891820226411805
0.38 -2.4924162535952776
0.39 -2.495718723880454
0.4 -2.4987825287033383
0.41 -2.501369792847346
0.42 -2.5033455216309153
0.43 -2.504675184042879
0.44 -2.505402238654139
0.45 -2.5056166077842628
0.46 -2.505404033995903
0.47 -2.504804332356927
0.48 -2.5038299648754028
0.49 -2.502520753881207
0.5 -2.500959757002627
0.51 -2.499246097177988
0.52 -2.4974696086418486
0.53 -2.4956864113430184
0.54 -2.493886029276437
0.55 -2.49198950198325
0.56 -2.4898890280206225
0.57 -2.4874811205895737
0.58 -2.4846802152312195
0.59 -2.4814368753655147
0.6 -2.47776429285324
0.61 -2.4737634913859123
0.62 -2.4696265782643487
0.63 -2.465587271402276
0.64 -2.461832839400366
0.65 -2.45845357177733
0.66 -2.455470215836663
0.67 -2.4528870902735926
0.68 -2.4507142804903066
0.69 -2.4489537589178374
0.7 -2.4475701505120457
0.71 -2.446485810069535
0.72 -2.4456167430880935
0.73 -2.4449145790907543
0.74 -2.4443779477189507
0.75 -2.444026773080523
0.76 -2.4438697776804084
0.77 -2.4438977618891258
0.78 -2.444090287271837
0.79 -2.444415221465817
0.8 -2.444825394270464
0.81 -2.445262690407123
0.82 -2.4456747926618703
0.83 -2.446032811565358
0.84 -2.4463331402682074
0.85 -2.446590564208242
0.86 -2.4468373887203536
0.87 -2.447120975471641
0.88 -2.4474897000079565
0.89 -2.44797855558512
0.9 -2.4485966738962928
0.91 -2.44931569438469
0.92 -2.4500793616541543
0.93 -2.450831110711865
0.94 -2.451530049487171
0.95 -2.4521507061961403
0.96 -2.4526809461702097
0.97 -2.4531226861140554
0.98 -2.4534876941074204
0.99 -2.4537852156424047
1.0 -2.454014302819078
1.01 -2.4541679331996837
1.02 -2.4542359345920985
1.03 -2.454202199338915
1.04 -2.454049367658636
1.05 -2.4537706195205247
1.06 -2.453373331435935
1.07 -2.452873813377921
1.08 -2.452290207439931
1.09 -2.4516338336412717
1.1 -2.450905659052125
1.11 -2.4501084138748657
1.12 -2.449271730770461
1.13 -2.448468855971092
1.14 -2.4478014104721906
1.15 -2.44735526742857
1.16 -2.447154786977695
1.17 -2.447141282866804
1.18 -2.4471847093789063
1.19 -2.447120058025204
1.2 -2.4467989896976015
1.21 -2.446143528577271
1.22 -2.445169742847944
1.23 -2.443969145476567
1.24 -2.442674272841169
1.25 -2.4414253627116578
1.26 -2.4403397463891103
1.27 -2.4394939380285274
1.28 -2.4389156546226114
1.29 -2.43857371203082
1.3 -2.438380811066411
1.31 -2.4382228604609675
1.32 -2.4379926362141218
1.33 -2.4376129122467014
1.34 -2.437054798424834
1.35 -2.436341235508498
1.36 -2.4355336228760978
1.37 -2.4347165247411025
1.38 -2.433973896724422
1.39 -2.4333565187639925
1.4 -2.432868079837122
1.41 -2.4324781546655436
1.42 -2.4321385374687834
1.43 -2.4317937243524694
1.44 -2.4314004868338497
1.45 -2.430950411471742
1.46 -2.430470748263252
1.47 -2.429996807330729
1.48 -2.429531697030494
1.49 -2.4290213125769213
1.5 -2.4283601459209105
1.51 -2.4274274544403087
1.52 -2.426148785889712
1.53 -2.424552258293106
1.54 -2.4227757074751297
1.55 -2.4210221143551083
1.56 -2.419498829001501
1.57 -2.418368780308848
1.58 -2.4177216863981514
1.59 -2.4175607739219958
1.6 -2.417805166712206
1.61 -2.4183170140664134
1.62 -2.418946898683892
1.63 -2.4195764411565146
1.64 -2.4201442640078517
1.65 -2.420653132545126
1.66 -2.421157509548364
1.67 -2.4217379936457624
1.68 -2.42247201402353
1.69 -2.4233982243371703
1.7 -2.424488868604306
1.71 -2.425649959153016
1.72 -2.426740543297419
1.73 -2.427602983825667
1.74 -2.4281061021341706
1.75 -2.428188565534121
1.76 -2.427876075895421
1.77 -2.4272574910369777
1.78 -2.426438554888767
1.79 -2.4255032455595438
1.8 -2.424495823235194
1.81 -2.4234236173837176
1.82 -2.4222672921860897
1.83 -2.420994861829584
1.84 -2.4195959226293215
1.85 -2.4181246465560102
1.86 -2.4167110877291154
1.87 -2.4155251088241356
1.88 -2.4147226647486644
1.89 -2.4144139438211143
1.9 -2.414653283673701
1.91 -2.415430155462081
1.92 -2.4166694049647934
1.93 -2.4182522616947715
1.94 -2.420039407538788
1.95 -2.4218870112348903
1.96 -2.42366762730848
1.97 -2.4252891874148834
1.98 -2.4266967434071183
1.99 -2.4278703641364077
2.0 -2.4288338130353355
2.01 -2.4296529730415077
2.02 -2.430412156090514
2.03 -2.431188613284806
2.04 -2.4320417119003523
2.05 -2.4330260963889643
2.06 -2.434227279153955
2.07 -2.4357901741385293
2.08 -2.4379090007031663
2.09 -2.4407801597884626
2.1 -2.4445483514190096
2.11 -2.449278137523527
2.12 -2.454952992050474
2.13 -2.4614658546516055
2.14 -2.4685939641084613
2.15 -2.4760124224935662
2.16 -2.4833639700025913
2.17 -2.490327364871089
2.18 -2.4966458933645423
2.19 -2.5021356235508527
2.2 -2.5066924607990697
2.21 -2.5102883290781617
2.22 -2.5129600048883907
2.23 -2.514804367726686
2.24 -2.5159664415833323
2.25 -2.516619119377562
2.26 -2.516962368047252
2.27 -2.517234347125438
2.28 -2.5176994097080714
2.29 -2.5186097436328065
2.3 -2.5201551811702214
2.31 -2.5224086214648618
2.32 -2.525287164207658
2.33 -2.5285507924599577
2.34 -2.5318368603817256
2.35 -2.5347276689465708
2.36 -2.536842637476632
2.37 -2.5379190212339644
2.38 -2.537853670308517
2.39 -2.536713457373997
2.4 -2.5347228231498176
2.41 -2.532205712353491
2.42 -2.529479772280304
2.43 -2.5267627986829178
2.44 -2.524126902132918
2.45 -2.521488029371055
2.46 -2.518642753589933
2.47 -2.515353715258664
2.48 -2.5114568334514065
2.49 -2.506956793908922
2.5 -2.50205509953931
2.51 -2.4970949229553083
2.52 -2.492472211125591
2.53 -2.488549099316558
2.54 -2.485571485383556
2.55 -2.4835996836504313
2.56 -2.482478622216048
2.57 -2.481876691723643
2.58 -2.481393177523089
2.59 -2.4806823354831473
2.6 -2.4795329413332805
2.61 -2.47788573857664
2.62 -2.475808175978155
2.63 -2.473447493755428
2.64 -2.470980859796257
2.65 -2.4685790745212857
2.66 -2.466376062342887
2.67 -2.4644348428031693
2.68 -2.462732420537411
2.69 -2.461178248328213
2.7 -2.4596457050572327
2.71 -2.457999335517655
2.72 -2.4561171026273323
2.73 -2.4539040044109077
2.74 -2.4513050401284926
2.75 -2.4483356088293644
2.76 -2.445108991207554
2.77 -2.4418188477447687
2.78 -2.438678689649085
2.79 -2.4358580457868886
2.8 -2.4334447938443318
2.81 -2.4314386897486697
2.82 -2.4297709737073934
2.83 -2.428336017589508
2.84 -2.4270172583006833
2.85 -2.425707873083483
2.86 -2.4243317783533693
2.87 -2.422859972551489
2.88 -2.42132012817584
2.89 -2.4197944432983256
2.9 -2.4183922587884545
2.91 -2.417203336589427
2.92 -2.41626074290922
2.93 -2.415526779121847
2.94 -2.4149100435013255
2.95 -2.414326549889595
2.96 -2.413763761012641
2.97 -2.4132893329442098
2.98 -2.4130222531348453
2.99 -2.4130992103133466
3.0 -2.413617557222889
3.01 -2.4145598635421996
3.02 -2.415762652595549
