14 13 0 0 0 0 0 0 16 0 0 0 3
0.6072159398645612 0.5605297660256608 3.291526514112275	0.0000 0.0000 0.0000 33.796 2.6149283804462167
0.7493385991232794 0.6919909933036105 5.700196044080812	0.0000 0.0000 0.0000 5.508 0.14264906788008197
0.8648899989427347 0.4911366994587582 4.620514225321283	0.0000 0.0000 0.0000 1.9040000000000001 0.025976395436784063
0.8729989669470758 0.17615851291425572 4.920629441643149 0.0000 0.0000 0.0000 1.088 0.006589623518879322
0.8821505847475634 0.5011842155569928 4.589479700747232	0.0000 0.0000 0.0000 1.9040000000000001 0.026522197985889697
0.877464561483963 0.18959251986598907 4.933273556910393	0.0000 0.0000 0.0000 1.088 0.006161977600208707
0.16677837319946273 0.43354696417078487	3.618380062306993 0.0000 0.0000 0.0000 6.800000000000001 0.12510357116220389
-0.24195359253943677 0.25399233542000266 3.483987851121469 0.0000 0.0000 0.0000 3.162 0.05764034068452098
-0.4708417005985185 0.10301553134265076	4.861366216668085 0.0000 0.0000 0.0000 0.9860000000000001 0.0032948730474483537
-0.43897799140207516 0.03648038322087939 6.011531417101616 0.0000 0.0000 0.0000 0.40800000000000003 0.0010092525347572589
0.1605191474361104 0.43063885409806546 3.6168843697837403 0.0000 0.0000 0.0000 6.800000000000001 0.12551823845123636
-0.2574615158654072 0.25155787853718764	3.4690401142664617 0.0000 0.0000 0.0000 3.162 0.0582358230211912
-0.4916213506493783 0.10789693794181676	4.826882204289467 0.0000 0.0000 0.0000 0.9860000000000001 0.003274714800396042
-0.45429400280786264 0.03737609852659164 5.957810105133733 0.0000 0.0000 0.0000 0.40800000000000003 0.0009369970914558431
1 2 -0.27816164663441356 0.0 -0.1625557397131338 0.0
1 3 -0.27816164663441356 0.0 -0.1581563337625307 0.0
3 4 0.20458755101391585	0.0 -0.11044388648014904 0.0
1 5 -0.27816164663441356 0.0 -0.15980924579638675 0.0
5 6 0.20672572162651862	0.0 -0.10680004532972273 0.0
1 7 0.27816164663441356	0.0 -0.18183009733571806 0.0
7 8 0.23810084339342294	0.0 -0.19358125011263935 0.0
8 9 0.2534886115793684 0.0 -0.06084953728724338	0.0
9 10 0.06084953728724338 0.0 -0.0497358841624903 0.0
1 11 0.27816164663441356 0.0 -0.18213119432653643 0.0
11 12 0.23849512051534913 0.0 -0.19457862467146736 0.0
12 13 0.2547946424681801 0.0 -0.06066311099943891 0.0
13 14 0.06066311099943891 0.0 -0.04792245297004612 0.0
4 1 0.0 2 0.0 0.0 0.0 0.0 4 1
4 1 0.0 3 0.0 0.0 0.0 0.0 4 2
4 3 0.0 4 0.0 0.0 0.0 0.0 4 3
4 1 0.0 5 0.0 0.0 0.0 0.0 4 4
4 5 0.0 6 0.0 0.0 0.0 0.0 4 5
4 1 0.0 7 0.0 0.0 0.0 0.0 4 6
4 7 0.0 8 0.0 0.0 0.0 0.0 4 7
4 8 0.0 9 0.0 0.0 0.0 0.0 4 8
4 9 0.0 10 0.0 0.0 0.0 0.0 4 9
4 1 0.0 11 0.0 0.0 0.0 0.0 4 10
4 11 0.0 12 0.0 0.0 0.0 0.0 4 11
4 12 0.0 13 0.0 0.0 0.0 0.0 4 12
4 13 0.0 14 0.0 0.0 0.0 0.0 4 13
3 1 1 0.0 0.0 0.0 0.0 0.0 4 14
3 1 2 0.0 0.0 0.0 0.0 0.0 4 15
3 1 3 0.0 0.0 0.0 0.0 0.0 4 16
14 4 1
9 4 2
14 4 3
0 -9.8
1 0
0.000000 0.010000 3.020000