0.0 -123.727496 442.028441 0.0 946.583001 0.0
0.01 -123.786786 442.634385 0.0 947.036989 0.0
0.02 -123.615818 442.552481 0.0 947.555383 0.0
0.03 -123.277642 441.64499 0.0 948.197567 0.0
0.04 -122.956947 440.358611 0.0 948.997659 0.0
0.05 -122.858874 439.383279 0.0 949.959811 0.0
0.06 -123.400259 439.3449 0.0 951.064142 0.0
0.07 -124.87752 440.467921 0.0 952.275733 0.0
0.08 -126.856649 442.124006 0.0 953.552657 0.0
0.09 -128.386942 443.12218 0.0 954.852646 0.0
0.1 -128.718893 442.660097 0.0 956.138609 0.0
0.11 -127.593948 440.666033 0.0 957.387366 0.0
0.12 -125.189545 437.569448 0.0 958.601531 0.0
0.13 -122.143765 434.162565 0.0 959.812484 0.0
0.14 -119.338378 431.615633 0.0 961.066986 0.0
0.15 -117.24651 430.754006 0.0 962.408818 0.0
0.16 -115.729083 430.591999 0.0 963.86418 0.0
0.17 -114.650034 428.854086 0.0 965.423395 0.0
0.18 -114.120357 424.545807 0.0 967.022111 0.0
0.19 -113.342718 419.017125 0.0 968.539808 0.0
0.2 -109.333042 414.68362 0.0 969.822127 0.0
0.21 -100.567686 413.151666 0.0 970.719218 0.0
0.22 -92.707283 414.744925 0.0 971.127084 0.0
0.23 -92.363337 419.34097 0.0 971.015871 0.0
0.24 -96.584785 425.746637 0.0 970.423737 0.0
0.25 -98.079559 430.798143 0.0 969.412702 0.0
0.26 -95.45341 431.672454 0.0 968.02028 0.0
0.27 -92.136758 428.717542 0.0 966.235415 0.0
0.28 -90.285363 424.237854 0.0 964.005888 0.0
0.29 -88.957481 419.123774 0.0 961.288813 0.0
0.3 -86.729963 412.193049 0.0 958.137348 0.0
0.31 -83.321713 402.833757 0.0 954.770528 0.0
0.32 -78.948813 393.487494 0.0 951.545219 0.0
0.33 -74.722997 387.94689 0.0 948.801541 0.0
0.34 -72.297594 387.260568 0.0 946.691875 0.0
0.35 -72.077038 390.094235 0.0 945.147207 0.0
0.36 -73.446714 396.004012 0.0 943.984335 0.0
0.37 -75.62796 404.954606 0.0 943.032132 0.0
0.38 -77.848357 415.274916 0.0 942.197397 0.0
0.39 -79.991073 424.683536 0.0 941.468464 0.0
0.4 -82.415453 431.743533 0.0 940.884162 0.0
0.41 -84.90925 434.885327 0.0 940.499585 0.0
0.42 -86.584184 432.0996 0.0 940.359854 0.0
0.43 -86.667969 423.181271 0.0 940.478997 0.0
0.44 -85.143652 411.151829 0.0 940.83265 0.0
0.45 -83.028293 400.794675 0.0 941.371198 0.0
0.46 -81.933324 395.432956 0.0 942.040299 0.0
0.47 -82.61692 394.06209 0.0 942.791107 0.0
0.48 -84.219278 392.751355 0.0 943.57582 0.0
0.49 -85.469493 389.932812 0.0 944.342997 0.0
0.5 -86.133884 388.057906 0.0 945.049157 0.0
0.51 -86.761085 389.380331 0.0 945.678394 0.0
0.52 -87.513357 392.683315 0.0 946.247131 0.0
0.53 -88.060203 395.167699 0.0 946.787339 0.0
0.54 -88.441369 395.941285 0.0 947.32295 0.0
0.55 -89.211581 396.426112 0.0 947.8588 0.0
0.56 -90.491141 397.758128 0.0 948.386668 0.0
0.57 -91.354012 398.914993 0.0 948.895707 0.0
0.58 -90.882977 398.645072 0.0 949.37594 0.0
0.59 -89.567086 398.090575 0.0 949.819843 0.0
0.6 -88.632251 398.620243 0.0 950.230534 0.0
0.61 -88.417544 398.908814 0.0 950.622517 0.0
0.62 -88.492659 397.819956 0.0 950.999934 0.0
0.63 -88.822522 397.612472 0.0 951.339246 0.0
0.64 -89.709358 400.787201 0.0 951.606076 0.0
0.65 -90.865989 406.150816 0.0 951.783579 0.0
0.66 -91.443134 410.506151 0.0 951.878077 0.0
0.67 -90.989345 412.47745 0.0 951.907227 0.0
0.68 -90.035774 413.396467 0.0 951.894527 0.0
0.69 -89.737344 415.316127 0.0 951.87448 0.0
0.7 -90.793162 418.406941 0.0 951.892242 0.0
0.71 -92.669464 420.676803 0.0 951.986451 0.0
0.72 -94.144882 420.507481 0.0 952.165467 0.0
0.73 -94.490202 418.078912 0.0 952.398441 0.0
0.74 -93.840918 414.390705 0.0 952.626669 0.0
0.75 -92.633248 410.571574 0.0 952.784344 0.0
0.76 -91.197902 407.87223 0.0 952.822936 0.0
0.77 -89.998087 407.3904 0.0 952.732627 0.0
0.78 -89.626333 409.656469 0.0 952.547272 0.0
0.79 -90.08545 413.579761 0.0 952.329488 0.0
0.8 -90.611374 416.255258 0.0 952.142171 0.0
0.81 -90.686936 416.015978 0.0 952.017795 0.0
0.82 -90.435444 414.377527 0.0 951.945794 0.0
0.83 -89.834833 413.243853 0.0 951.88532 0.0
0.84 -88.708899 412.724852 0.0 951.786496 0.0
0.85 -87.39787 412.342427 0.0 951.605972 0.0
0.86 -86.454581 411.863594 0.0 951.315877 0.0
0.87 -85.8791 410.936428 0.0 950.908337 0.0
0.88 -85.145076 409.494548 0.0 950.398728 0.0
0.89 -83.874555 408.300506 0.0 949.829896 0.0
0.9 -82.413764 408.38659 0.0 949.272112 0.0
0.91 -81.749409 410.201201 0.0 948.809108 0.0
0.92 -82.501867 412.774247 0.0 948.510444 0.0
0.93 -84.065993 413.835853 0.0 948.404891 0.0
0.94 -85.453924 412.699715 0.0 948.470934 0.0
0.95 -86.65102 411.925663 0.0 948.650485 0.0
0.96 -88.22646 413.482679 0.0 948.878217 0.0
0.97 -90.056439 415.335678 0.0 949.10534 0.0
0.98 -91.289237 414.44006 0.0 949.300601 0.0
0.99 -91.158171 410.679757 0.0 949.439523 0.0
1.0 -89.415621 405.999572 0.0 949.503639 0.0
1.01 -86.751604 402.489737 0.0 949.48857 0.0
1.02 -84.806138 402.068794 0.0 949.409733 0.0
1.03 -84.896223 405.397333 0.0 949.301076 0.0
1.04 -86.900749 410.91723 0.0 949.204439 0.0
1.05 -89.685546 416.084955 0.0 949.152706 0.0
1.06 -92.171602 419.352043 0.0 949.15665 0.0
1.07 -93.71035 420.550875 0.0 949.204957 0.0
1.08 -93.881307 420.064093 0.0 949.276319 0.0
1.09 -92.646349 418.558108 0.0 949.353254 0.0
1.1 -90.61426 416.872321 0.0 949.43028 0.0
1.11 -88.840992 415.808319 0.0 949.512934 0.0
1.12 -88.388045 416.077972 0.0 949.610082 0.0
1.13 -89.669899 417.398605 0.0 949.72736 0.0
1.14 -91.960922 418.212094 0.0 949.863169 0.0
1.15 -93.827176 417.615257 0.0 950.007128 0.0
1.16 -94.255902 416.464701 0.0 950.147803 0.0
1.17 -93.517244 415.975134 0.0 950.287558 0.0
1.18 -92.893017 416.575403 0.0 950.447986 0.0
1.19 -93.423238 418.127009 0.0 950.659578 0.0
1.2 -95.080188 420.097213 0.0 950.946548 0.0
1.21 -97.109516 421.545114 0.0 951.315919 0.0
1.22 -98.766432 421.457311 0.0 951.753551 0.0
1.23 -99.644508 419.347459 0.0 952.226759 0.0
1.24 -99.684482 415.77959 0.0 952.690109 0.0
1.25 -99.180723 412.014762 0.0 953.094276 0.0
1.26 -98.58247 408.976358 0.0 953.398853 0.0
1.27 -98.083359 407.22012 0.0 953.584586 0.0
1.28 -97.562367 407.47259 0.0 953.661871 0.0
1.29 -97.028972 409.952991 0.0 953.673264 0.0
1.3 -96.918378 413.64802 0.0 953.682042 0.0
1.31 -97.549967 416.979695 0.0 953.745979 0.0
1.32 -98.427302 418.491577 0.0 953.891051 0.0
1.33 -98.61487 416.983355 0.0 954.09798 0.0
1.34 -97.596158 412.206263 0.0 954.305071 0.0
1.35 -95.429355 405.537429 0.0 954.42878 0.0
1.36 -92.550696 399.588475 0.0 954.396731 0.0
1.37 -89.791595 397.293334 0.0 954.17806 0.0
1.38 -88.196344 400.374454 0.0 953.798967 0.0
1.39 -88.239567 407.40196 0.0 953.339289 0.0
1.4 -89.244672 414.386769 0.0 952.90623 0.0
1.41 -90.079693 418.353172 0.0 952.594283 0.0
1.42 -90.338241 419.258017 0.0 952.45764 0.0
1.43 -90.551024 418.673393 0.0 952.504576 0.0
1.44 -91.511655 418.266003 0.0 952.703984 0.0
1.45 -93.440239 418.784187 0.0 953.00012 0.0
1.46 -95.654691 419.469813 0.0 953.330855 0.0
1.47 -97.121123 419.15684 0.0 953.641872 0.0
1.48 -97.250044 417.688113 0.0 953.896816 0.0
1.49 -96.243945 415.978792 0.0 954.084373 0.0
1.5 -94.942298 415.345496 0.0 954.219671 0.0
1.51 -94.150606 416.11145 0.0 954.337438 0.0
1.52 -93.968126 416.778919 0.0 954.475478 0.0
1.53 -94.090201 415.988846 0.0 954.654167 0.0
1.54 -94.562322 414.470553 0.0 954.866884 0.0
1.55 -95.616134 413.636477 0.0 955.086098 0.0
1.56 -96.960888 413.630566 0.0 955.273537 0.0
1.57 -97.762865 413.619884 0.0 955.389674 0.0
1.58 -97.319655 412.856885 0.0 955.404004 0.0
1.59 -95.608351 411.235463 0.0 955.30157 0.0
1.6 -93.278339 409.623025 0.0 955.084761 0.0
1.61 -91.189006 409.551233 0.0 954.775139 0.0
1.62 -89.818882 411.744988 0.0 954.415303 0.0
1.63 -89.053069 415.05798 0.0 954.064426 0.0
1.64 -88.467207 417.369048 0.0 953.785094 0.0
1.65 -87.745393 417.266637 0.0 953.627506 0.0
1.66 -86.920194 414.612489 0.0 953.615497 0.0
1.67 -86.327358 410.265038 0.0 953.736324 0.0
1.68 -86.435497 406.073061 0.0 953.942273 0.0
1.69 -87.456163 403.987926 0.0 954.170837 0.0
1.7 -88.855682 404.143873 0.0 954.373529 0.0
1.71 -89.733684 404.968984 0.0 954.533853 0.0
1.72 -89.913029 405.607377 0.0 954.664223 0.0
1.73 -90.035629 406.573158 0.0 954.789466 0.0
1.74 -90.453593 407.620539 0.0 954.931224 0.0
1.75 -90.782467 407.276731 0.0 955.095438 0.0
1.76 -90.652217 405.154951 0.0 955.264328 0.0
1.77 -90.288242 402.779126 0.0 955.401559 0.0
1.78 -90.342422 402.182627 0.0 955.467113 0.0
1.79 -91.29106 404.550905 0.0 955.43452 0.0
1.8 -92.916431 409.226086 0.0 955.307109 0.0
1.81 -94.566273 414.196721 0.0 955.118735 0.0
1.82 -95.82142 418.142863 0.0 954.916104 0.0
1.83 -96.49094 420.757557 0.0 954.745878 0.0
1.84 -96.342943 421.707092 0.0 954.653123 0.0
1.85 -95.503119 420.770753 0.0 954.674456 0.0
1.86 -94.697036 417.931873 0.0 954.824385 0.0
1.87 -94.687504 413.610687 0.0 955.085011 0.0
1.88 -95.729069 409.563148 0.0 955.405912 0.0
1.89 -97.347976 407.656023 0.0 955.721641 0.0
1.9 -98.545885 407.703643 0.0 955.980089 0.0
1.91 -98.689104 408.141521 0.0 956.160947 0.0
1.92 -98.102283 408.05366 0.0 956.276471 0.0
1.93 -97.557497 407.441309 0.0 956.359481 0.0
1.94 -97.586872 406.559486 0.0 956.443194 0.0
1.95 -98.312425 405.878655 0.0 956.54282 0.0
1.96 -99.350385 405.709592 0.0 956.652592 0.0
1.97 -99.941092 405.705331 0.0 956.756244 0.0
1.98 -99.703469 405.564747 0.0 956.838721 0.0
1.99 -99.098377 405.475818 0.0 956.89394 0.0
2.0 -98.888286 405.470288 0.0 956.922643 0.0
2.01 -99.397706 405.321097 0.0 956.919304 0.0
2.02 -100.407051 405.264644 0.0 956.863813 0.0
2.03 -101.530102 406.322637 0.0 956.731444 0.0
2.04 -102.392996 409.4198 0.0 956.516265 0.0
2.05 -102.631204 414.076671 0.0 956.250255 0.0
2.06 -102.197614 418.223864 0.0 956.00028 0.0
2.07 -101.592836 419.639539 0.0 955.83823 0.0
2.08 -101.533565 417.954263 0.0 955.801601 0.0
2.09 -102.268703 414.760307 0.0 955.874666 0.0
2.1 -103.176902 411.551435 0.0 956.003399 0.0
2.11 -103.192127 408.451981 0.0 956.129107 0.0
2.12 -101.688971 404.920647 0.0 956.216789 0.0
2.13 -99.006684 400.871107 0.0 956.264873 0.0
2.14 -96.12134 396.950976 0.0 956.298255 0.0
2.15 -93.844497 393.991862 0.0 956.353464 0.0
2.16 -92.575422 392.350514 0.0 956.463802 0.0
2.17 -92.518913 391.688162 0.0 956.648868 0.0
2.18 -93.516944 391.113817 0.0 956.9087 0.0
2.19 -94.931499 389.758966 0.0 957.22121 0.0
2.2 -96.158361 387.51255 0.0 957.544423 0.0
2.21 -96.895656 384.960845 0.0 957.825792 0.0
2.22 -96.83548 382.791804 0.0 958.016775 0.0
2.23 -95.741645 381.499923 0.0 958.089588 0.0
2.24 -93.937485 381.316451 0.0 958.050155 0.0
2.25 -92.319845 382.284878 0.0 957.936882 0.0
2.26 -91.748348 384.070116 0.0 957.803681 0.0
2.27 -92.351218 385.503775 0.0 957.695468 0.0
2.28 -93.508663 385.59664 0.0 957.624728 0.0
2.29 -94.583271 385.17825 0.0 957.565351 0.0
2.3 -95.330138 385.8573 0.0 957.476198 0.0
2.31 -95.668328 387.717882 0.0 957.334356 0.0
2.32 -95.55727 389.506682 0.0 957.146297 0.0
2.33 -95.057047 390.534955 0.0 956.937049 0.0
2.34 -94.24129 391.258224 0.0 956.739388 0.0
2.35 -93.187628 392.163155 0.0 956.591783 0.0
2.36 -92.268809 392.952878 0.0 956.535101 0.0
2.37 -92.221406 393.07428 0.0 956.599159 0.0
2.38 -93.755877 392.747108 0.0 956.788264 0.0
2.39 -97.246856 392.897459 0.0 957.081488 0.0
2.4 -102.328091 393.562512 0.0 957.449548 0.0
2.41 -107.267675 393.443551 0.0 957.878892 0.0
2.42 -109.456415 392.325656 0.0 958.392499 0.0
2.43 -107.454784 392.341066 0.0 959.057057 0.0
2.44 -102.663989 395.135886 0.0 959.971361 0.0
2.45 -99.05215 399.550303 0.0 961.24133 0.0
2.46 -100.610382 402.978903 0.0 962.942906 0.0
2.47 -107.305237 402.978448 0.0 965.074971 0.0
2.48 -114.011022 397.987235 0.0 967.534985 0.0
2.49 -115.53507 388.965502 0.0 970.146804 0.0
2.5 -112.357435 380.24926 0.0 972.719431 0.0
2.51 -110.023512 377.045925 0.0 975.092037 0.0
2.52 -112.780506 381.173743 0.0 977.144988 0.0
2.53 -119.250307 389.837015 0.0 978.798963 0.0
2.54 -125.361548 399.231446 0.0 980.028599 0.0
2.55 -129.321548 407.854676 0.0 980.878793 0.0
2.56 -131.926155 415.321335 0.0 981.459762 0.0
2.57 -134.058464 420.648961 0.0 981.914037 0.0
2.58 -135.956217 423.876648 0.0 982.368097 0.0
2.59 -138.258297 427.217766 0.0 982.900401 0.0
2.6 -141.888138 432.089678 0.0 983.540383 0.0
2.61 -146.407727 436.41077 0.0 984.273103 0.0
2.62 -149.997285 436.897124 0.0 985.035878 0.0
2.63 -151.570658 432.8211 0.0 985.728538 0.0
2.64 -151.652026 426.483867 0.0 986.246789 0.0
2.65 -151.326406 421.079588 0.0 986.522237 0.0
2.66 -151.356247 418.216112 0.0 986.54757 0.0
2.67 -151.738096 416.858959 0.0 986.368069 0.0
2.68 -151.633979 414.807394 0.0 986.043723 0.0
2.69 -150.168042 410.970239 0.0 985.617336 0.0
2.7 -147.172761 405.809259 0.0 985.111642 0.0
2.71 -143.166805 400.486314 0.0 984.54104 0.0
2.72 -139.123843 396.472943 0.0 983.92039 0.0
2.73 -136.254007 395.102945 0.0 983.271624 0.0
2.74 -135.46545 396.354374 0.0 982.629883 0.0
2.75 -136.710157 398.511382 0.0 982.036887 0.0
2.76 -138.91581 399.592375 0.0 981.515842 0.0
2.77 -140.61458 398.592835 0.0 981.053416 0.0
2.78 -140.756601 395.505944 0.0 980.611773 0.0
2.79 -139.253068 390.981757 0.0 980.155501 0.0
2.8 -136.9081 385.948876 0.0 979.663927 0.0
2.81 -134.717146 381.385855 0.0 979.122403 0.0
2.82 -133.307005 378.637214 0.0 978.514252 0.0
2.83 -133.114143 379.313371 0.0 977.833351 0.0
2.84 -134.47145 383.723389 0.0 977.10739 0.0
2.85 -137.041044 389.813629 0.0 976.398318 0.0
2.86 -139.731814 394.825318 0.0 975.766876 0.0
2.87 -141.577069 397.574412 0.0 975.232969 0.0
2.88 -142.302344 398.44374 0.0 974.767872 0.0
2.89 -142.09439 398.202558 0.0 974.31653 0.0
2.9 -141.436509 397.962025 0.0 973.823739 0.0
2.91 -141.078637 399.338922 0.0 973.253808 0.0
2.92 -141.481523 403.205583 0.0 972.606275 0.0
2.93 -142.300509 408.652153 0.0 971.915302 0.0
2.94 -142.810797 413.672717 0.0 971.230392 0.0
2.95 -142.547724 416.258825 0.0 970.596796 0.0
2.96 -141.434315 415.296191 0.0 970.03947 0.0
2.97 -139.836915 411.595928 0.0 969.54998 0.0
2.98 -138.527903 407.773097 0.0 969.09078 0.0
2.99 -138.195465 406.334735 0.0 968.618903 0.0
3.0 -138.844716 407.875864 0.0 968.108261 0.0
3.01 -139.833868 411.204206 0.0 967.55514 0.0
3.02 -140.680422 414.995097 0.0 966.971646 0.0