0.0 112.503195 268.586129 0.0 -412.59445 0.0
0.01 109.482638 269.658059 0.0 -412.196568 0.0
0.02 106.941238 269.700175 0.0 -411.793784 0.0
0.03 105.200275 268.526772 0.0 -411.380866 0.0
0.04 104.095032 266.599082 0.0 -410.95403 0.0
0.05 102.825206 264.559959 0.0 -410.50801 0.0
0.06 100.56861 262.977789 0.0 -410.035366 0.0
0.07 97.288953 262.079171 0.0 -409.532941 0.0
0.08 93.705603 261.679317 0.0 -409.011212 0.0
0.09 90.634155 261.410879 0.0 -408.49741 0.0
0.1 88.531555 260.99864 0.0 -408.031511 0.0
0.11 87.536226 260.459458 0.0 -407.655153 0.0
0.12 87.698771 260.16107 0.0 -407.400674 0.0
0.13 89.078517 260.707735 0.0 -407.288582 0.0
0.14 91.64236 262.686433 0.0 -407.325664 0.0
0.15 95.156626 266.169923 0.0 -407.500234 0.0
0.16 99.322464 270.477873 0.0 -407.783163 0.0
0.17 103.9009 274.854396 0.0 -408.13628 0.0
0.18 108.627255 279.100336 0.0 -408.520906 0.0
0.19 113.266772 283.228861 0.0 -408.901748 0.0
0.2 117.755596 287.016392 0.0 -409.25014 0.0
0.21 122.084408 290.148197 0.0 -409.551681 0.0
0.22 126.170936 292.525659 0.0 -409.810129 0.0
0.23 129.946497 294.377508 0.0 -410.037754 0.0
0.24 133.301863 296.290101 0.0 -410.238191 0.0
0.25 135.915967 298.894174 0.0 -410.394139 0.0
0.26 137.479479 302.052211 0.0 -410.470019 0.0
0.27 137.991179 304.811929 0.0 -410.431389 0.0
0.28 137.574513 306.55465 0.0 -410.264275 0.0
0.29 136.273287 307.523609 0.0 -409.977922 0.0
0.3 134.213899 308.042807 0.0 -409.595908 0.0
0.31 131.784422 307.873224 0.0 -409.144819 0.0
0.32 129.443129 306.571906 0.0 -408.642443 0.0
0.33 127.230686 303.988099 0.0 -408.091819 0.0
0.34 124.675966 300.107168 0.0 -407.487725 0.0
0.35 121.307714 294.996844 0.0 -406.833244 0.0
0.36 116.961225 289.206703 0.0 -406.156175 0.0
0.37 111.695602 283.735415 0.0 -405.511509 0.0
0.38 105.914336 279.396576 0.0 -404.966834 0.0
0.39 100.457083 276.24135 0.0 -404.57847 0.0
0.4 96.153356 273.657535 0.0 -404.366936 0.0
0.41 93.286682 271.077271 0.0 -404.30657 0.0
0.42 91.592282 268.201135 0.0 -404.338859 0.0
0.43 90.644142 264.59133 0.0 -404.398847 0.0
0.44 90.076395 260.152869 0.0 -404.438615 0.0
0.45 89.576586 256.006931 0.0 -404.438263 0.0
0.46 89.086142 253.519324 0.0 -404.399809 0.0
0.47 88.904565 252.911674 0.0 -404.332179 0.0
0.48 89.195234 253.863693 0.0 -404.2431 0.0
0.49 89.726691 256.143607 0.0 -404.137244 0.0
0.5 90.308283 258.880109 0.0 -404.012894 0.0
0.51 90.972255 260.63537 0.0 -403.861979 0.0
0.52 91.720826 260.666674 0.0 -403.677073 0.0
0.53 92.438107 259.484204 0.0 -403.45981 0.0
0.54 92.955803 258.221025 0.0 -403.222854 0.0
0.55 93.072743 257.846781 0.0 -402.984519 0.0
0.56 92.542906 258.953599 0.0 -402.764873 0.0
0.57 91.196911 261.637376 0.0 -402.584948 0.0
0.58 89.277345 265.268873 0.0 -402.460841 0.0
0.59 87.583984 268.839396 0.0 -402.394574 0.0
0.6 87.07864 271.566203 0.0 -402.372033 0.0
0.61 88.194617 273.062704 0.0 -402.368911 0.0
0.62 90.468382 273.29428 0.0 -402.357595 0.0
0.63 92.927513 272.394191 0.0 -402.313409 0.0
0.64 94.747621 270.496368 0.0 -402.222366 0.0
0.65 95.42276 268.048063 0.0 -402.086055 0.0
0.66 94.674093 265.931743 0.0 -401.918882 0.0
0.67 92.545375 264.720578 0.0 -401.739688 0.0
0.68 89.476765 264.074302 0.0 -401.563741 0.0
0.69 86.19377 263.197637 0.0 -401.401089 0.0
0.7 83.502605 261.63144 0.0 -401.258762 0.0
0.71 81.912676 259.383007 0.0 -401.140368 0.0
0.72 81.280604 256.70885 0.0 -401.046454 0.0
0.73 80.984038 254.114923 0.0 -400.979045 0.0
0.74 80.461888 252.247035 0.0 -400.941978 0.0
0.75 79.523869 251.467973 0.0 -400.935226 0.0
0.76 78.290282 251.561049 0.0 -400.952385 0.0
0.77 76.972261 251.847089 0.0 -400.981908 0.0
0.78 75.832157 251.563171 0.0 -401.010869 0.0
0.79 75.282822 250.452393 0.0 -401.030362 0.0
0.8 75.621378 249.147335 0.0 -401.035073 0.0
0.81 76.625889 248.423935 0.0 -401.019962 0.0
0.82 77.671661 248.189022 0.0 -400.980383 0.0
0.83 78.090563 247.929503 0.0 -400.912859 0.0
0.84 77.455764 247.475434 0.0 -400.818615 0.0
0.85 75.993869 246.598407 0.0 -400.708169 0.0
0.86 74.553713 244.879028 0.0 -400.600731 0.0
0.87 73.81138 242.462196 0.0 -400.523476 0.0
0.88 73.928333 240.021706 0.0 -400.505983 0.0
0.89 75.044631 237.865314 0.0 -400.562835 0.0
0.9 77.267755 235.979943 0.0 -400.685452 0.0
0.91 80.063344 234.859267 0.0 -400.85306 0.0
0.92 82.484879 235.227616 0.0 -401.042126 0.0
0.93 84.064964 236.984313 0.0 -401.229864 0.0
0.94 84.927409 239.301625 0.0 -401.401075 0.0
0.95 85.257719 241.631821 0.0 -401.552876 0.0
0.96 85.168849 243.973212 0.0 -401.693792 0.0
0.97 84.933089 246.34551 0.0 -401.841114 0.0
0.98 84.987262 248.433217 0.0 -402.0149 0.0
0.99 85.624808 249.749624 0.0 -402.229475 0.0
1.0 86.779232 250.13555 0.0 -402.489455 0.0
1.01 88.191727 249.978395 0.0 -402.791072 0.0
1.02 89.674509 249.840963 0.0 -403.122893 0.0
1.03 91.100559 250.179344 0.0 -403.465648 0.0
1.04 92.312754 251.391595 0.0 -403.795635 0.0
1.05 93.21365 253.535766 0.0 -404.091386 0.0
1.06 93.84906 255.914075 0.0 -404.340856 0.0
1.07 94.310587 257.513167 0.0 -404.547898 0.0
1.08 94.660356 258.093935 0.0 -404.733969 0.0
1.09 95.052033 258.525262 0.0 -404.927237 0.0
1.1 95.790643 260.011051 0.0 -405.143691 0.0
1.11 97.088052 263.213995 0.0 -405.380675 0.0
1.12 98.955095 267.693761 0.0 -405.624153 0.0
1.13 101.411232 271.920175 0.0 -405.8532 0.0
1.14 104.353263 274.364739 0.0 -406.04236 0.0
1.15 107.296977 274.568827 0.0 -406.168102 0.0
1.16 109.63534 273.122531 0.0 -406.216726 0.0
1.17 110.863333 271.263597 0.0 -406.189723 0.0
1.18 110.577236 270.263087 0.0 -406.098868 0.0
1.19 108.795165 270.611072 0.0 -405.953365 0.0
1.2 106.173048 271.989806 0.0 -405.759695 0.0
1.21 103.580217 273.870238 0.0 -405.535491 0.0
1.22 101.631746 275.716539 0.0 -405.31379 0.0
1.23 100.613658 277.067831 0.0 -405.133557 0.0
1.24 100.474722 277.949361 0.0 -405.025715 0.0
1.25 100.864917 278.825683 0.0 -404.998677 0.0
1.26 101.353462 279.860245 0.0 -405.035454 0.0
1.27 101.576821 280.598932 0.0 -405.105436 0.0
1.28 101.253788 280.433102 0.0 -405.178032 0.0
1.29 100.239902 279.122352 0.0 -405.232073 0.0
1.3 98.627667 277.031022 0.0 -405.260294 0.0
1.31 96.811536 274.920164 0.0 -405.266853 0.0
1.32 95.395874 273.284258 0.0 -405.259096 0.0
1.33 94.794226 272.031084 0.0 -405.239477 0.0
1.34 94.756665 270.869603 0.0 -405.204225 0.0
1.35 94.441586 269.655632 0.0 -405.150118 0.0
1.36 93.108587 268.408105 0.0 -405.082539 0.0
1.37 90.831835 267.206463 0.0 -405.017903 0.0
1.38 88.610226 266.032552 0.0 -404.981685 0.0
1.39 87.67535 264.942599 0.0 -405.003951 0.0
1.4 88.622606 264.337261 0.0 -405.107844 0.0
1.41 91.204416 264.572205 0.0 -405.292371 0.0
1.42 94.685846 265.531793 0.0 -405.526873 0.0
1.43 98.113401 267.03479 0.0 -405.763999 0.0
1.44 100.533774 269.210004 0.0 -405.954633 0.0
1.45 101.456415 271.877545 0.0 -406.059071 0.0
1.46 101.053028 273.988255 0.0 -406.061955 0.0
1.47 99.787597 274.36138 0.0 -405.982416 0.0
1.48 98.110077 272.701332 0.0 -405.86715 0.0
1.49 96.431772 269.747626 0.0 -405.772235 0.0
1.5 95.021103 266.933025 0.0 -405.742843 0.0
1.51 93.88533 265.589401 0.0 -405.793914 0.0
1.52 92.861835 265.810755 0.0 -405.902839 0.0
1.53 91.810513 266.263777 0.0 -406.025719 0.0
1.54 90.619023 265.466011 0.0 -406.123826 0.0
1.55 89.126896 263.07332 0.0 -406.17688 0.0
1.56 87.294618 259.843821 0.0 -406.183013 0.0
1.57 85.353571 256.807204 0.0 -406.154902 0.0
1.58 83.704244 254.681681 0.0 -406.113868 0.0
1.59 82.717021 253.802792 0.0 -406.083783 0.0
1.6 82.523675 254.319961 0.0 -406.083294 0.0
1.61 83.023422 256.156371 0.0 -406.116475 0.0
1.62 84.038201 258.594194 0.0 -406.172468 0.0
1.63 85.300239 260.3227 0.0 -406.237495 0.0
1.64 86.490956 260.361854 0.0 -406.30735 0.0
1.65 87.473867 258.656294 0.0 -406.389009 0.0
1.66 88.370216 255.805545 0.0 -406.492147 0.0
1.67 89.324588 252.832724 0.0 -406.622912 0.0
1.68 90.270837 250.807041 0.0 -406.78799 0.0
1.69 91.114634 250.073873 0.0 -407.000024 0.0
1.7 92.089271 250.419071 0.0 -407.274378 0.0
1.71 93.587817 252.177781 0.0 -407.619473 0.0
1.72 95.756564 256.188517 0.0 -408.027187 0.0
1.73 98.489991 262.281339 0.0 -408.470037 0.0
1.74 101.453722 268.736638 0.0 -408.908653 0.0
1.75 103.98078 273.603833 0.0 -409.303148 0.0
1.76 105.332862 275.931683 0.0 -409.620084 0.0
1.77 105.175977 275.875472 0.0 -409.837018 0.0
1.78 103.7481 274.194862 0.0 -409.95013 0.0
1.79 101.654832 271.55314 0.0 -409.977987 0.0
1.8 99.463001 268.266219 0.0 -409.954231 0.0
1.81 97.354581 264.704101 0.0 -409.918633 0.0
1.82 95.27243 261.609227 0.0 -409.91227 0.0
1.83 93.367393 260.0007 0.0 -409.968932 0.0
1.84 91.952798 260.734766 0.0 -410.101326 0.0
1.85 91.1628 263.624025 0.0 -410.295222 0.0
1.86 90.999056 267.003323 0.0 -410.521172 0.0
1.87 91.395144 268.994888 0.0 -410.752506 0.0
1.88 92.10811 269.317063 0.0 -410.973181 0.0
1.89 92.920458 269.265176 0.0 -411.176532 0.0
1.9 93.875738 269.987665 0.0 -411.361797 0.0
1.91 95.075221 271.442316 0.0 -411.527541 0.0
1.92 96.339216 272.830782 0.0 -411.669438 0.0
1.93 97.140175 273.165716 0.0 -411.791673 0.0
1.94 96.998076 271.695834 0.0 -411.917766 0.0
1.95 96.098402 268.68899 0.0 -412.086196 0.0
1.96 95.217776 265.735789 0.0 -412.335005 0.0
1.97 95.016635 264.560827 0.0 -412.684993 0.0
1.98 95.822767 265.668879 0.0 -413.133858 0.0
1.99 97.826802 268.656863 0.0 -413.663052 0.0
2.0 101.011358 273.128709 0.0 -414.24458 0.0
2.01 104.963092 278.656798 0.0 -414.840499 0.0
2.02 108.937091 284.12827 0.0 -415.400758 0.0
2.03 112.129823 287.80726 0.0 -415.870241 0.0
2.04 113.929767 288.563777 0.0 -416.206497 0.0
2.05 114.12401 286.638774 0.0 -416.398006 0.0
2.06 112.930962 283.16699 0.0 -416.468888 0.0
2.07 110.722867 279.516555 0.0 -416.460916 0.0
2.08 107.74534 276.619237 0.0 -416.405931 0.0
2.09 104.039671 274.376475 0.0 -416.313578 0.0
2.1 99.502154 272.123217 0.0 -416.177883 0.0
2.11 94.195145 269.56314 0.0 -415.989802 0.0
2.12 88.745416 266.76042 0.0 -415.748969 0.0
2.13 84.204693 263.863999 0.0 -415.471045 0.0
2.14 81.372525 261.217766 0.0 -415.187204 0.0
2.15 80.334181 259.011288 0.0 -414.936643 0.0
2.16 80.591222 256.883285 0.0 -414.754391 0.0
2.17 81.537461 254.445185 0.0 -414.660699 0.0
2.18 82.854562 251.89316 0.0 -414.658955 0.0
2.19 84.476841 249.894161 0.0 -414.73969 0.0
2.2 86.333511 249.198964 0.0 -414.886221 0.0
2.21 88.420498 250.299742 0.0 -415.079664 0.0
2.22 90.983823 253.081482 0.0 -415.302831 0.0
2.23 94.344708 256.626263 0.0 -415.546239 0.0
2.24 98.695104 259.650807 0.0 -415.812521 0.0
2.25 104.071391 261.433996 0.0 -416.108917 0.0
2.26 110.237605 262.120098 0.0 -416.430407 0.0
2.27 116.547907 262.286432 0.0 -416.751607 0.0
2.28 122.086446 262.496256 0.0 -417.035992 0.0
2.29 126.114969 262.835876 0.0 -417.252782 0.0
2.3 128.389321 262.828964 0.0 -417.389961 0.0
2.31 129.067497 262.2461 0.0 -417.452813 0.0
2.32 128.571036 261.679767 0.0 -417.448684 0.0
2.33 127.47462 261.810552 0.0 -417.375805 0.0
2.34 126.218876 262.402685 0.0 -417.222527 0.0
2.35 124.986026 262.439435 0.0 -416.97373 0.0
2.36 123.906028 261.204678 0.0 -416.630157 0.0
2.37 123.147193 258.950905 0.0 -416.231044 0.0
2.38 122.813835 256.393137 0.0 -415.855998 0.0
2.39 122.94106 254.079981 0.0 -415.604558 0.0
2.4 123.498615 252.702983 0.0 -415.567843 0.0
2.41 124.322972 253.315964 0.0 -415.801109 0.0
2.42 125.148174 256.463944 0.0 -416.304843 0.0
2.43 125.628687 261.359838 0.0 -417.021625 0.0
2.44 125.375635 266.265647 0.0 -417.851671 0.0
2.45 124.241667 269.787713 0.0 -418.68306 0.0
2.46 122.409201 271.614472 0.0 -419.421844 0.0
2.47 120.190205 271.672476 0.0 -420.012913 0.0
2.48 118.090334 269.87653 0.0 -420.452267 0.0
2.49 116.769685 267.190296 0.0 -420.778005 0.0
2.5 116.595458 265.112768 0.0 -421.038831 0.0
2.51 117.406998 264.334036 0.0 -421.26883 0.0
2.52 118.743358 264.759386 0.0 -421.47892 0.0
2.53 120.124326 265.902546 0.0 -421.65629 0.0
2.54 121.101362 267.125602 0.0 -421.77601 0.0
2.55 121.241377 267.896713 0.0 -421.824487 0.0
2.56 120.220903 267.724193 0.0 -421.819724 0.0
2.57 118.029538 266.339702 0.0 -421.81487 0.0
2.58 115.345999 264.45485 0.0 -421.884669 0.0
2.59 113.680368 263.734201 0.0 -422.103474 0.0
2.6 114.489725 265.300884 0.0 -422.521732 0.0
2.61 117.977086 268.664716 0.0 -423.148919 0.0
2.62 123.208835 272.689927 0.0 -423.952558 0.0
2.63 129.14026 277.123396 0.0 -424.872829 0.0
2.64 135.019052 282.425383 0.0 -425.841111 0.0
2.65 140.169404 288.253953 0.0 -426.793259 0.0
2.66 143.863335 292.956883 0.0 -427.681193 0.0
2.67 145.516567 295.105284 0.0 -428.485515 0.0
2.68 145.265342 295.151761 0.0 -429.218336 0.0
2.69 144.384155 294.943315 0.0 -429.91002 0.0
2.7 144.626973 295.683478 0.0 -430.586497 0.0
2.71 146.868269 297.035127 0.0 -431.253589 0.0
2.72 150.673974 298.161964 0.0 -431.902203 0.0
2.73 155.102478 298.729783 0.0 -432.521334 0.0
2.74 159.410751 299.030232 0.0 -433.09976 0.0
2.75 163.292435 299.816899 0.0 -433.619869 0.0
2.76 166.875771 301.604043 0.0 -434.053842 0.0
2.77 170.193588 303.823398 0.0 -434.362799 0.0
2.78 172.752258 304.955558 0.0 -434.501745 0.0
2.79 173.874617 303.653591 0.0 -434.439093 0.0
2.8 173.122507 299.953471 0.0 -434.179314 0.0
2.81 170.407236 295.337306 0.0 -433.766086 0.0
2.82 166.147917 291.473279 0.0 -433.265295 0.0
2.83 161.436527 289.034899 0.0 -432.741103 0.0
2.84 157.696857 287.620495 0.0 -432.238463 0.0
2.85 155.740165 286.446086 0.0 -431.780381 0.0
2.86 155.171254 284.953846 0.0 -431.373162 0.0
2.87 154.836374 282.910938 0.0 -431.008584 0.0
2.88 153.737554 280.137649 0.0 -430.666582 0.0
2.89 151.680811 276.232274 0.0 -430.324831 0.0
2.9 149.086725 270.965022 0.0 -429.966941 0.0
2.91 145.632673 265.726485 0.0 -429.582358 0.0
2.92 139.474158 264.301344 0.0 -429.167685 0.0
2.93 129.728266 269.874414 0.0 -428.737494 0.0
2.94 119.493127 280.443409 0.0 -428.331309 0.0
2.95 113.376226 289.866243 0.0 -428.001204 0.0
2.96 112.391491 294.041449 0.0 -427.792695 0.0
2.97 114.011962 293.990131 0.0 -427.737442 0.0
2.98 115.956961 293.310562 0.0 -427.849271 0.0
2.99 117.966586 294.150805 0.0 -428.113242 0.0
3.0 120.921127 295.82406 0.0 -428.482777 0.0
3.01 125.318279 296.747709 0.0 -428.900795 0.0
3.02 130.686396 296.628316 0.0 -429.328368 0.0