0.00000000000000000 90.30828304430093567 258.88010888296730627 0.00000000000000000 -0.40401289405569502 0.00000000000000000
0.01000000000000000 90.97225463097282727 260.63536955069525902 0.00000000000000000 -0.40386197919284794 0.00000000000000000
0.02000000000000000 91.72082553666373883 260.66667392997169372 0.00000000000000000 -0.40367707263590286 0.00000000000000000
0.03000000000000000 92.43810743769704175 259.48420368605394515 0.00000000000000000 -0.40345981013446885 0.00000000000000000
0.04000000000000000 92.95580251352853907 258.22102451321080707 0.00000000000000000 -0.40322285442657768 0.00000000000000000
0.05000000000000000 93.07274343218882962 257.84678146015716038 0.00000000000000000 -0.40298451857894552 0.00000000000000000
0.06000000000000000 92.54290570522638859 258.95359851577990185 0.00000000000000000 -0.40276487286622153 0.00000000000000000
0.07000000000000001 91.19691082610208355 261.63737576592444611 0.00000000000000000 -0.40258494790644078 0.00000000000000000
0.08000000000000000 89.27734475180147911 265.26887309113664060 0.00000000000000000 -0.40246084071781901 0.00000000000000000
0.09000000000000000 87.58398356367028725 268.83939621840232803 0.00000000000000000 -0.40239457413936369 0.00000000000000000
0.10000000000000001 87.07863983842396749 271.56620337593597014 0.00000000000000000 -0.40237203328492355 0.00000000000000000
0.11000000000000000 88.19461696074168344 273.06270401229801337 0.00000000000000000 -0.40236891092746407 0.00000000000000000
0.12000000000000000 90.46838179518147172 273.29427977214493239 0.00000000000000000 -0.40235759502247320 0.00000000000000000
0.13000000000000000 92.92751295785240018 272.39419141575177719 0.00000000000000000 -0.40231340913555480 0.00000000000000000
0.14000000000000001 94.74762092525824642 270.49636818736530586 0.00000000000000000 -0.40222236570977954 0.00000000000000000
0.14999999999999999 95.42275997595811532 268.04806335597328371 0.00000000000000000 -0.40208605478922627 0.00000000000000000
0.16000000000000000 94.67409260393074533 265.93174335270578013 0.00000000000000000 -0.40191888209454096 0.00000000000000000
0.17000000000000001 92.54537527612876602 264.72057838736668600 0.00000000000000000 -0.40173968847132230 0.00000000000000000
0.17999999999999999 89.47676470058470954 264.07430220004749799 0.00000000000000000 -0.40156374110747650 0.00000000000000000
0.19000000000000000 86.19376997502838833 263.19763661540031308 0.00000000000000000 -0.40140108922880624 0.00000000000000000
0.20000000000000001 83.50260486984080899 261.63144007289679394 0.00000000000000000 -0.40125876214824702 0.00000000000000000
0.20999999999999999 81.91267561913714701 259.38300677969004937 0.00000000000000000 -0.40114036750331705 0.00000000000000000
0.22000000000000000 81.28060357785358292 256.70885040907353414 0.00000000000000000 -0.40104645391810761 0.00000000000000000
0.23000000000000001 80.98403835796220562 254.11492274000983116 0.00000000000000000 -0.40097904466909418 0.00000000000000000
0.23999999999999999 80.46188760226483794 252.24703482547076305 0.00000000000000000 -0.40094197775005286 0.00000000000000000
0.25000000000000000 79.52386883712101451 251.46797263891207308 0.00000000000000000 -0.40093522620667016 0.00000000000000000
0.26000000000000001 78.29028221380970365 251.56104919387030350 0.00000000000000000 -0.40095238539134176 0.00000000000000000
0.27000000000000002 76.97226089697348073 251.84708927085978303 0.00000000000000000 -0.40098190779778642 0.00000000000000000
0.28000000000000003 75.83215696292187147 251.56317141523828695 0.00000000000000000 -0.40101086894481558 0.00000000000000000
0.28999999999999998 75.28282205248680725 250.45239287198515399 0.00000000000000000 -0.40103036161148198 0.00000000000000000
0.29999999999999999 75.62137813816178777 249.14733495278949249 0.00000000000000000 -0.40103507282109857 0.00000000000000000
0.31000000000000000 76.62588936005140283 248.42393524108430825 0.00000000000000000 -0.40101996238690146 0.00000000000000000
0.32000000000000001 77.67166088043015293 248.18902248124294374 0.00000000000000000 -0.40098038268693265 0.00000000000000000
0.33000000000000002 78.09056302312627906 247.92950285922913167 0.00000000000000000 -0.40091285883227423 0.00000000000000000
0.34000000000000002 77.45576423180426673 247.47543404641217535 0.00000000000000000 -0.40081861533719942 0.00000000000000000
0.34999999999999998 75.99386861239030111 246.59840678561963045 0.00000000000000000 -0.40070816874832232 0.00000000000000000
0.35999999999999999 74.55371267963745652 244.87902795184729143 0.00000000000000000 -0.40060073079009778 0.00000000000000000
0.37000000000000000 73.81138018136780943 242.46219602718187502 0.00000000000000000 -0.40052347565563390 0.00000000000000000
0.38000000000000000 73.92833309851364731 240.02170587950666913 0.00000000000000000 -0.40050598255896752 0.00000000000000000
0.39000000000000001 75.04463085332207584 237.86531381653202288 0.00000000000000000 -0.40056283524008907 0.00000000000000000
0.40000000000000002 77.26775517760286505 235.97994252887073685 0.00000000000000000 -0.40068545240733405 0.00000000000000000
0.40999999999999998 80.06334411762954062 234.85926683727569753 0.00000000000000000 -0.40085306031804430 0.00000000000000000
0.41999999999999998 82.48487886958434956 235.22761559538685106 0.00000000000000000 -0.40104212562072938 0.00000000000000000
0.42999999999999999 84.06496383546027573 236.98431327036578864 0.00000000000000000 -0.40122986395813626 0.00000000000000000
0.44000000000000000 84.92740922799110592 239.30162533307708372 0.00000000000000000 -0.40140107517141854 0.00000000000000000
0.45000000000000001 85.25771891933612778 241.63182103426728986 0.00000000000000000 -0.40155287604305862 0.00000000000000000
0.46000000000000002 85.16884860063659346 243.97321213428298847 0.00000000000000000 -0.40169379238859942 0.00000000000000000
0.46999999999999997 84.93308880134259198 246.34551012703064998 0.00000000000000000 -0.40184111367664022 0.00000000000000000
0.47999999999999998 84.98726223513128275 248.43321707017548761 0.00000000000000000 -0.40201490011514807 0.00000000000000000
0.48999999999999999 85.62480840249186542 249.74962395860654851 0.00000000000000000 -0.40222947515910729 0.00000000000000000
0.50000000000000000 86.77923151436615967 250.13555000880973012 0.00000000000000000 -0.40248945529162322 0.00000000000000000
0.51000000000000001 88.19172721783289148 249.97839494720318498 0.00000000000000000 -0.40279107198858866 0.00000000000000000
0.52000000000000002 89.67450932927258123 249.84096257418943310 0.00000000000000000 -0.40312289331360834 0.00000000000000000
0.53000000000000003 91.10055939218825927 250.17934385441057543 0.00000000000000000 -0.40346564789924871 0.00000000000000000
0.54000000000000004 92.31275364085573187 251.39159469827956173 0.00000000000000000 -0.40379563473653818 0.00000000000000000
0.55000000000000004 93.21365036005293803 253.53576563580932657 0.00000000000000000 -0.40409138603478817 0.00000000000000000
0.56000000000000005 93.84906036064563750 255.91407521084997256 0.00000000000000000 -0.40434085583662432 0.00000000000000000
0.56999999999999995 94.31058692597663651 257.51316684708308458 0.00000000000000000 -0.40454789780767009 0.00000000000000000
0.57999999999999996 94.66035554886059344 258.09393475958563613 0.00000000000000000 -0.40473396937597322 0.00000000000000000
0.58999999999999997 95.05203281036243368 258.52526152245945923 0.00000000000000000 -0.40492723725284446 0.00000000000000000
0.59999999999999998 95.79064270049241259 260.01105102791387935 0.00000000000000000 -0.40514369121034238 0.00000000000000000
0.60999999999999999 97.08805197234779882 263.21399489745778055 0.00000000000000000 -0.40538067452207222 0.00000000000000000
0.62000000000000000 98.95509479335474623 267.69376122254601569 0.00000000000000000 -0.40562415274194402 0.00000000000000000
0.63000000000000000 101.41123233147747840 271.92017505596646743 0.00000000000000000 -0.40585320001900566 0.00000000000000000
0.64000000000000001 104.35326258349525119 274.36473863874755352 0.00000000000000000 -0.40604235954806650 0.00000000000000000
0.65000000000000002 107.29697733652011493 274.56882692980337879 0.00000000000000000 -0.40616810182838470 0.00000000000000000
0.66000000000000003 109.63534004251555132 273.12253091022523677 0.00000000000000000 -0.40621672570863210 0.00000000000000000
0.67000000000000004 110.86333329655623459 271.26359745968244397 0.00000000000000000 -0.40618972290885286 0.00000000000000000
0.68000000000000005 110.57723555030638352 270.26308741191360241 0.00000000000000000 -0.40609886819717106 0.00000000000000000
0.68999999999999995 108.79516502114998389 270.61107177645033062 0.00000000000000000 -0.40595336483873079 0.00000000000000000
0.69999999999999996 106.17304758274160292 271.98980602097515202 0.00000000000000000 -0.40575969507485227 0.00000000000000000
0.70999999999999996 103.58021726120577455 273.87023830585820861 0.00000000000000000 -0.40553549082350093 0.00000000000000000
0.71999999999999997 101.63174587216350631 275.71653870354634819 0.00000000000000000 -0.40531378953348007 0.00000000000000000
0.72999999999999998 100.61365847717812017 277.06783133279009235 0.00000000000000000 -0.40513355720378186 0.00000000000000000
0.73999999999999999 100.47472234354914633 277.94936118372010014 0.00000000000000000 -0.40502571515437391 0.00000000000000000
0.75000000000000000 100.86491715205359299 278.82568330820612346 0.00000000000000000 -0.40499867663752143 0.00000000000000000
0.76000000000000001 101.35346233199767596 279.86024489699502737 0.00000000000000000 -0.40503545434114763 0.00000000000000000
0.77000000000000002 101.57682145903410742 280.59893210929692486 0.00000000000000000 -0.40510543594832238 0.00000000000000000
0.78000000000000003 101.25378804998355520 280.43310204739549363 0.00000000000000000 -0.40517803207291442 0.00000000000000000
0.79000000000000004 100.23990150460677739 279.12235240353601284 0.00000000000000000 -0.40523207298136094 0.00000000000000000
0.80000000000000004 98.62766718417745437 277.03102198099645648 0.00000000000000000 -0.40526029429346722 0.00000000000000000
0.81000000000000005 96.81153621058147962 274.92016380000745812 0.00000000000000000 -0.40526685282107144 0.00000000000000000
0.81999999999999995 95.39587425044872759 273.28425767395617640 0.00000000000000000 -0.40525909631783624 0.00000000000000000
0.82999999999999996 94.79422581895912003 272.03108398855101768 0.00000000000000000 -0.40523947724162374 0.00000000000000000
0.83999999999999997 94.75666520912398028 270.86960306843104718 0.00000000000000000 -0.40520422504499326 0.00000000000000000
0.84999999999999998 94.44158599136922305 269.65563216695932169 0.00000000000000000 -0.40515011830253655 0.00000000000000000
0.85999999999999999 93.10858684718179745 268.40810523147251843 0.00000000000000000 -0.40508253865267296 0.00000000000000000
0.87000000000000000 90.83183546337960479 267.20646250949891964 0.00000000000000000 -0.40501790300074941 0.00000000000000000
0.88000000000000000 88.61022583290485954 266.03255182693283132 0.00000000000000000 -0.40498168519942712 0.00000000000000000
0.89000000000000001 87.67534980102124109 264.94259851314649268 0.00000000000000000 -0.40500395130749423 0.00000000000000000
0.90000000000000002 88.62260554194062934 264.33726088388846165 0.00000000000000000 -0.40510784359568014 0.00000000000000000
0.91000000000000003 91.20441590820476563 264.57220548367575930 0.00000000000000000 -0.40529237133701990 0.00000000000000000
0.92000000000000004 94.68584558239903970 265.53179342988852341 0.00000000000000000 -0.40552687255436570 0.00000000000000000
0.93000000000000005 98.11340077668728554 267.03479005386583367 0.00000000000000000 -0.40576399852548722 0.00000000000000000
0.93999999999999995 100.53377370191459761 269.21000401829513748 0.00000000000000000 -0.40595463270962873 0.00000000000000000
0.94999999999999996 101.45641471043978754 271.87754458781233780 0.00000000000000000 -0.40605907144181475 0.00000000000000000
0.95999999999999996 101.05302770420142622 273.98825545413137661 0.00000000000000000 -0.40606195491911640 0.00000000000000000
0.96999999999999997 99.78759710646667713 274.36138040861203535 0.00000000000000000 -0.40598241582180378 0.00000000000000000
0.97999999999999998 98.11007736049201355 272.70133210840748461 0.00000000000000000 -0.40586714991896550 0.00000000000000000
0.98999999999999999 96.43177175550228242 269.74762589737252938 0.00000000000000000 -0.40577223515054422 0.00000000000000000
1.00000000000000000 95.02110262587591194 266.93302455920297689 0.00000000000000000 -0.40574284294247370 0.00000000000000000
1.01000000000000001 93.88532997849527817 265.58940135216130329 0.00000000000000000 -0.40579391413436161 0.00000000000000000
1.02000000000000002 92.86183528257591036 265.81075477898241388 0.00000000000000000 -0.40590283948614142 0.00000000000000000
1.03000000000000003 91.81051275752878382 266.26377683836972210 0.00000000000000000 -0.40602571921009095 0.00000000000000000
1.04000000000000004 90.61902305447109995 265.46601085982217683 0.00000000000000000 -0.40612382568793826 0.00000000000000000
1.05000000000000004 89.12689570551080465 263.07332020976429021 0.00000000000000000 -0.40617687962070109 0.00000000000000000
1.06000000000000005 87.29461794798635310 259.84382149559689879 0.00000000000000000 -0.40618301305554527 0.00000000000000000
1.07000000000000006 85.35357077110958812 256.80720415159834147 0.00000000000000000 -0.40615490243203367 0.00000000000000000
1.08000000000000007 83.70424386147904272 254.68168120161510615 0.00000000000000000 -0.40611386765122526 0.00000000000000000
1.09000000000000008 82.71702103084453483 253.80279203648763087 0.00000000000000000 -0.40608378315422344 0.00000000000000000
1.10000000000000009 82.52367481143309647 254.31996129300429743 0.00000000000000000 -0.40608329422008599 0.00000000000000000
1.11000000000000010 83.02342244073774680 256.15637065698393826 0.00000000000000000 -0.40611647540299378 0.00000000000000000
1.12000000000000011 84.03820091522902658 258.59419377543929386 0.00000000000000000 -0.40617246783390198 0.00000000000000000
1.12999999999999989 85.30023904300881554 260.32269954812841206 0.00000000000000000 -0.40623749503502210 0.00000000000000000
1.13999999999999990 86.49095581112926823 260.36185365286667093 0.00000000000000000 -0.40630734980199951 0.00000000000000000
1.14999999999999991 87.47386711353316002 258.65629429362240899 0.00000000000000000 -0.40638900898810237 0.00000000000000000
1.15999999999999992 88.37021586036662768 255.80554540745282566 0.00000000000000000 -0.40649214664840683 0.00000000000000000
1.16999999999999993 89.32458752597942464 252.83272435051989646 0.00000000000000000 -0.40662291236916648 0.00000000000000000
1.17999999999999994 90.27083740337282336 250.80704099560418285 0.00000000000000000 -0.40678799000047450 0.00000000000000000
1.18999999999999995 91.11463398789703660 250.07387330713805795 0.00000000000000000 -0.40700002355232034 0.00000000000000000
1.19999999999999996 92.08927065985959359 250.41907065101418084 0.00000000000000000 -0.40727437782315307 0.00000000000000000
1.20999999999999996 93.58781651548896718 252.17778067483598647 0.00000000000000000 -0.40761947297796242 0.00000000000000000
1.21999999999999997 95.75656445529703831 256.18851677981831472 0.00000000000000000 -0.40802718675722283 0.00000000000000000
1.22999999999999998 98.48999116924296970 262.28133926288666089 0.00000000000000000 -0.40847003706540413 0.00000000000000000
1.23999999999999999 101.45372244236853021 268.73663765135688664 0.00000000000000000 -0.40890865341209037 0.00000000000000000
1.25000000000000000 103.98078009056118276 273.60383326977114393 0.00000000000000000 -0.40930314841255594 0.00000000000000000
1.26000000000000001 105.33286244650597041 275.93168286650353593 0.00000000000000000 -0.40962008447713122 0.00000000000000000
1.27000000000000002 105.17597700908901004 275.87547249646598857 0.00000000000000000 -0.40983701797491434 0.00000000000000000
1.28000000000000003 103.74809956912862674 274.19486168978511387 0.00000000000000000 -0.40995013029240418 0.00000000000000000
1.29000000000000004 101.65483163281585632 271.55314029180442503 0.00000000000000000 -0.40997798657284434 0.00000000000000000
1.30000000000000004 99.46300072912929124 268.26621900408468946 0.00000000000000000 -0.40995423120459445 0.00000000000000000
1.31000000000000005 97.35458116682100638 264.70410077613757949 0.00000000000000000 -0.40991863264675982 0.00000000000000000
1.32000000000000006 95.27242975259319735 261.60922714763114527 0.00000000000000000 -0.40991226978020057 0.00000000000000000
1.33000000000000007 93.36739270984526229 260.00069994870892742 0.00000000000000000 -0.40996893225552650 0.00000000000000000
1.34000000000000008 91.95279820727309072 260.73476580937932567 0.00000000000000000 -0.41010132641697072 0.00000000000000000
1.35000000000000009 91.16279991586907272 263.62402511215384493 0.00000000000000000 -0.41029522220052184 0.00000000000000000
1.36000000000000010 90.99905569065467148 267.00332324398323181 0.00000000000000000 -0.41052117186184217 0.00000000000000000
1.37000000000000011 91.39514360956215455 268.99488772564080818 0.00000000000000000 -0.41075250604054614 0.00000000000000000
1.37999999999999989 92.10811006396005496 269.31706303606114261 0.00000000000000000 -0.41097318075792505 0.00000000000000000
1.38999999999999990 92.92045768186302723 269.26517630763373745 0.00000000000000000 -0.41117653223025502 0.00000000000000000
1.39999999999999991 93.87573848812370159 269.98766522930867495 0.00000000000000000 -0.41136179683708390 0.00000000000000000
1.40999999999999992 95.07522056508595654 271.44231582229275546 0.00000000000000000 -0.41152754100812239 0.00000000000000000
1.41999999999999993 96.33921647367887431 272.83078223901475212 0.00000000000000000 -0.41166943772099518 0.00000000000000000
1.42999999999999994 97.14017489388511706 273.16571552254600874 0.00000000000000000 -0.41179167283870710 0.00000000000000000
1.43999999999999995 96.99807604843741160 271.69583396741381875 0.00000000000000000 -0.41191776633955896 0.00000000000000000
1.44999999999999996 96.09840238978590321 268.68899026624637827 0.00000000000000000 -0.41208619638283894 0.00000000000000000
1.45999999999999996 95.21777601108769318 265.73578919408089405 0.00000000000000000 -0.41233500459588113 0.00000000000000000
1.46999999999999997 95.01663456559001020 264.56082663939150734 0.00000000000000000 -0.41268499279070731 0.00000000000000000
1.47999999999999998 95.82276696331669541 265.66887894984074592 0.00000000000000000 -0.41313385765394478 0.00000000000000000
1.48999999999999999 97.82680199918669928 268.65686251403150209 0.00000000000000000 -0.41366305218930088 0.00000000000000000
1.50000000000000000 101.01135783218389008 273.12870936541787614 0.00000000000000000 -0.41424458045875256 0.00000000000000000
1.51000000000000001 104.96309227634590400 278.65679823242055591 0.00000000000000000 -0.41484049852629656 0.00000000000000000
1.52000000000000002 108.93709123742998202 284.12826971867912107 0.00000000000000000 -0.41540075783436953 0.00000000000000000
1.53000000000000003 112.12982260141797042 287.80725954801198441 0.00000000000000000 -0.41587024062949574 0.00000000000000000
1.54000000000000004 113.92976731562254145 288.56377726918299231 0.00000000000000000 -0.41620649714244679 0.00000000000000000
1.55000000000000004 114.12400986177109985 286.63877397178606543 0.00000000000000000 -0.41639800569192614 0.00000000000000000
1.56000000000000005 112.93096183065154037 283.16699024061119871 0.00000000000000000 -0.41646888796050080 0.00000000000000000
1.57000000000000006 110.72286685282547580 279.51655474219882080 0.00000000000000000 -0.41646091632715992 0.00000000000000000
1.58000000000000007 107.74533984754654625 276.61923740402517069 0.00000000000000000 -0.41640593096576289 0.00000000000000000
1.59000000000000008 104.03967122351897956 274.37647514155435147 0.00000000000000000 -0.41631357754801346 0.00000000000000000
1.60000000000000009 99.50215406432691623 272.12321727800502913 0.00000000000000000 -0.41617788291000274 0.00000000000000000
1.61000000000000010 94.19514549515976398 269.56313970817677728 0.00000000000000000 -0.41598980205327768 0.00000000000000000
1.62000000000000011 88.74541568092546129 266.76042011324972236 0.00000000000000000 -0.41574896855512078 0.00000000000000000
1.62999999999999989 84.20469314773652059 263.86399913212375168 0.00000000000000000 -0.41547104513177630 0.00000000000000000
1.63999999999999990 81.37252493002219467 261.21776633934268830 0.00000000000000000 -0.41518720402807702 0.00000000000000000
1.64999999999999991 80.33418111752632740 259.01128790718320261 0.00000000000000000 -0.41493664327614627 0.00000000000000000
1.65999999999999992 80.59122246883386254 256.88328548246266791 0.00000000000000000 -0.41475439077369464 0.00000000000000000
1.66999999999999993 81.53746058561854682 254.44518510311328896 0.00000000000000000 -0.41466069876448786 0.00000000000000000
1.67999999999999994 82.85456243930016740 251.89316026128031467 0.00000000000000000 -0.41465895526833502 0.00000000000000000
1.68999999999999995 84.47684144383450189 249.89416078459947812 0.00000000000000000 -0.41473969032604219 0.00000000000000000
1.69999999999999996 86.33351121403883610 249.19896415490421759 0.00000000000000000 -0.41488622135806330 0.00000000000000000
1.70999999999999996 88.42049804458559947 250.29974206036155238 0.00000000000000000 -0.41507966396587426 0.00000000000000000
1.71999999999999997 90.98382269754654317 253.08148223259021847 0.00000000000000000 -0.41530283107631549 0.00000000000000000
1.72999999999999998 94.34470786527715802 256.62626261500383862 0.00000000000000000 -0.41554623918822459 0.00000000000000000
1.73999999999999999 98.69510382712522301 259.65080734735238366 0.00000000000000000 -0.41581252061057061 0.00000000000000000
1.75000000000000000 104.07139061811483316 261.43399555311725635 0.00000000000000000 -0.41610891716773374 0.00000000000000000
1.76000000000000001 110.23760516470724724 262.12009809072134203 0.00000000000000000 -0.41643040728930808 0.00000000000000000
1.77000000000000002 116.54790650705787414 262.28643213690304492 0.00000000000000000 -0.41675160749443807 0.00000000000000000
1.78000000000000003 122.08644620671448422 262.49625612632900129 0.00000000000000000 -0.41703599191747143 0.00000000000000000
1.79000000000000004 126.11496939450945831 262.83587617524256075 0.00000000000000000 -0.41725278237277685 0.00000000000000000
1.80000000000000004 128.38932138374232750 262.82896439971216296 0.00000000000000000 -0.41738996142820745 0.00000000000000000
1.81000000000000005 129.06749672208019319 262.24609981180992690 0.00000000000000000 -0.41745281314756344 0.00000000000000000
1.82000000000000006 128.57103636041148320 261.67976745714327080 0.00000000000000000 -0.41744868421626136 0.00000000000000000
1.83000000000000007 127.47462035325938245 261.81055196162952825 0.00000000000000000 -0.41737580510761679 0.00000000000000000
1.84000000000000008 126.21887621141645752 262.40268523273653045 0.00000000000000000 -0.41722252743018978 0.00000000000000000
1.85000000000000009 124.98602586643636414 262.43943529877839183 0.00000000000000000 -0.41697372976068570 0.00000000000000000
1.86000000000000010 123.90602836733147285 261.20467809625421296 0.00000000000000000 -0.41663015744699489 0.00000000000000000
1.87000000000000011 123.14719293842307479 258.95090525483271904 0.00000000000000000 -0.41623104385129533 0.00000000000000000
1.87999999999999989 122.81383495841659226 256.39313682509703085 0.00000000000000000 -0.41585599840731313 0.00000000000000000
1.88999999999999990 122.94106046103797780 254.07998130754813815 0.00000000000000000 -0.41560455843758154 0.00000000000000000
1.89999999999999991 123.49861511537304182 252.70298342300523586 0.00000000000000000 -0.41556784345305336 0.00000000000000000
1.90999999999999992 124.32297154686607144 253.31596393698038128 0.00000000000000000 -0.41580110916260576 0.00000000000000000
1.91999999999999993 125.14817418775581359 256.46394364840006119 0.00000000000000000 -0.41630484324886347 0.00000000000000000
1.92999999999999994 125.62868651289367961 261.35983776678261847 0.00000000000000000 -0.41702162502930529 0.00000000000000000
1.93999999999999995 125.37563471476764221 266.26564690143158032 0.00000000000000000 -0.41785167057250894 0.00000000000000000
1.94999999999999996 124.24166687511100804 269.78771263868054575 0.00000000000000000 -0.41868306041936110 0.00000000000000000
1.95999999999999996 122.40920137778289245 271.61447208216111449 0.00000000000000000 -0.41942184371724583 0.00000000000000000
1.96999999999999997 120.19020511921401351 271.67247626118199832 0.00000000000000000 -0.42001291294327081 0.00000000000000000
1.97999999999999998 118.09033430724288394 269.87652987483249944 0.00000000000000000 -0.42045226661089441 0.00000000000000000
1.98999999999999999 116.76968511681045015 267.19029621377814010 0.00000000000000000 -0.42077800511998664 0.00000000000000000
2.00000000000000000 116.59545842126178172 265.11276808577594011 0.00000000000000000 -0.42103883086644911 0.00000000000000000
2.00999999999999979 117.40699789334337311 264.33403625553103211 0.00000000000000000 -0.42126883000999271 0.00000000000000000
2.02000000000000002 118.74335829564678590 264.75938585769870315 0.00000000000000000 -0.42147892019686850 0.00000000000000000
2.02999999999999980 120.12432580477072008 265.90254557335742902 0.00000000000000000 -0.42165628957327106 0.00000000000000000
2.04000000000000004 121.10136234968844349 267.12560174038213745 0.00000000000000000 -0.42177601020080879 0.00000000000000000
2.04999999999999982 121.24137725242997021 267.89671318769541131 0.00000000000000000 -0.42182448710417259 0.00000000000000000
