0.00000000000000000 -123.72749599607472248 442.02844096225658177 0.00000000000000000 0.94658300125007122 0.00000000000000000
0.01000000000000000 -123.78678576643024201 442.63438456091563467 0.00000000000000000 0.94703698854046992 0.00000000000000000
0.02000000000000000 -123.61581795033970366 442.55248140973623094 0.00000000000000000 0.94755538285282315 0.00000000000000000
0.03000000000000000 -123.27764194871267023 441.64498966015088399 0.00000000000000000 0.94819756687710732 0.00000000000000000
0.04000000000000000 -122.95694738731450002 440.35861120667334490 0.00000000000000000 0.94899765902868893 0.00000000000000000
0.05000000000000000 -122.85887415922226751 439.38327925512299998 0.00000000000000000 0.94995981137250107 0.00000000000000000
0.06000000000000000 -123.40025881547009590 439.34490028531439521 0.00000000000000000 0.95106414198624789 0.00000000000000000
0.07000000000000001 -124.87752035267057238 440.46792067775567148 0.00000000000000000 0.95227573335814963 0.00000000000000000
0.08000000000000000 -126.85664903378759050 442.12400589264939299 0.00000000000000000 0.95355265722561444 0.00000000000000000
0.09000000000000000 -128.38694237089669059 443.12217956093479643 0.00000000000000000 0.95485264558582716 0.00000000000000000
0.10000000000000001 -128.71889301860917953 442.66009740819220042 0.00000000000000000 0.95613860929848715 0.00000000000000000
0.11000000000000000 -127.59394788575356472 440.66603293824670118 0.00000000000000000 0.95738736591311147 0.00000000000000000
0.12000000000000000 -125.18954460569433706 437.56944814666826460 0.00000000000000000 0.95860153142425997 0.00000000000000000
0.13000000000000000 -122.14376476115802461 434.16256475564767925 0.00000000000000000 0.95981248362229155 0.00000000000000000
0.14000000000000001 -119.33837773396399484 431.61563336003951008 0.00000000000000000 0.96106698592145456 0.00000000000000000
0.14999999999999999 -117.24651001575364262 430.75400560565566366 0.00000000000000000 0.96240881844995485 0.00000000000000000
0.16000000000000000 -115.72908339925413657 430.59199857529722522 0.00000000000000000 0.96386418039821387 0.00000000000000000
0.17000000000000001 -114.65003435865865811 428.85408596385798319 0.00000000000000000 0.96542339529767329 0.00000000000000000
0.17999999999999999 -114.12035732867212801 424.54580749154501973 0.00000000000000000 0.96702211127581728 0.00000000000000000
0.19000000000000000 -113.34271832988369511 419.01712516127361141 0.00000000000000000 0.96853980800743533 0.00000000000000000
0.20000000000000001 -109.33304227649644247 414.68362010262603690 0.00000000000000000 0.96982212656022271 0.00000000000000000
0.20999999999999999 -100.56768572877746237 413.15166564640679780 0.00000000000000000 0.97071921824415597 0.00000000000000000
0.22000000000000000 -92.70728258210152717 414.74492467513744032 0.00000000000000000 0.97112708407878401 0.00000000000000000
0.23000000000000001 -92.36333720363970201 419.34096981619046574 0.00000000000000000 0.97101587067540140 0.00000000000000000
0.23999999999999999 -96.58478478611621654 425.74663745391222847 0.00000000000000000 0.97042373676145988 0.00000000000000000
0.25000000000000000 -98.07955941664589261 430.79814314234545236 0.00000000000000000 0.96941270172179883 0.00000000000000000
0.26000000000000001 -95.45340992753952492 431.67245422269991195 0.00000000000000000 0.96802027957462100 0.00000000000000000
0.27000000000000002 -92.13675781398406173 428.71754225113340908 0.00000000000000000 0.96623541520611300 0.00000000000000000
0.28000000000000003 -90.28536310708004464 424.23785356046857942 0.00000000000000000 0.96400588844010082 0.00000000000000000
0.28999999999999998 -88.95748086311073166 419.12377386508700283 0.00000000000000000 0.96128881255712273 0.00000000000000000
0.29999999999999999 -86.72996310551889110 412.19304870864004897 0.00000000000000000 0.95813734758941205 0.00000000000000000
0.31000000000000000 -83.32171341635978479 402.83375745434852888 0.00000000000000000 0.95477052815307628 0.00000000000000000
0.32000000000000001 -78.94881322956942427 393.48749397647992510 0.00000000000000000 0.95154521939697168 0.00000000000000000
0.33000000000000002 -74.72299722435029423 387.94688990359622949 0.00000000000000000 0.94880154056911392 0.00000000000000000
0.34000000000000002 -72.29759383456146793 387.26056761590569977 0.00000000000000000 0.94669187548385714 0.00000000000000000
0.34999999999999998 -72.07703818955292263 390.09423475525011327 0.00000000000000000 0.94514720734883739 0.00000000000000000
0.35999999999999999 -73.44671449180964373 396.00401199232197769 0.00000000000000000 0.94398433480264332 0.00000000000000000
0.37000000000000000 -75.62796041971657246 404.95460610190428952 0.00000000000000000 0.94303213246810180 0.00000000000000000
0.38000000000000000 -77.84835684951578116 415.27491604437648220 0.00000000000000000 0.94219739721809759 0.00000000000000000
0.39000000000000001 -79.99107318106810283 424.68353632056243896 0.00000000000000000 0.94146846388824912 0.00000000000000000
0.40000000000000002 -82.41545282452635490 431.74353290448590315 0.00000000000000000 0.94088416216094373 0.00000000000000000
0.40999999999999998 -84.90925025433304540 434.88532742362355066 0.00000000000000000 0.94049958536337108 0.00000000000000000
0.41999999999999998 -86.58418422338374398 432.09960038806036664 0.00000000000000000 0.94035985427582036 0.00000000000000000
0.42999999999999999 -86.66796923697953048 423.18127100678316310 0.00000000000000000 0.94047899655444700 0.00000000000000000
0.44000000000000000 -85.14365169395367161 411.15182885344870556 0.00000000000000000 0.94083264950984868 0.00000000000000000
0.45000000000000001 -83.02829286184243074 400.79467538535135418 0.00000000000000000 0.94137119828161653 0.00000000000000000
0.46000000000000002 -81.93332397122190969 395.43295627931018998 0.00000000000000000 0.94204029867447836 0.00000000000000000
0.46999999999999997 -82.61691986328193593 394.06209041829094986 0.00000000000000000 0.94279110663698651 0.00000000000000000
0.47999999999999998 -84.21927795327377453 392.75135514505149104 0.00000000000000000 0.94357581996331341 0.00000000000000000
0.48999999999999999 -85.46949318098866399 389.93281156111021346 0.00000000000000000 0.94434299687362189 0.00000000000000000
0.50000000000000000 -86.13388355969458132 388.05790570143250307 0.00000000000000000 0.94504915688758317 0.00000000000000000
0.51000000000000001 -86.76108521463427792 389.38033146148882224 0.00000000000000000 0.94567839370591189 0.00000000000000000
0.52000000000000002 -87.51335740715643396 392.68331497833463573 0.00000000000000000 0.94624713126972404 0.00000000000000000
0.53000000000000003 -88.06020313602759586 395.16769932918839459 0.00000000000000000 0.94678733897435374 0.00000000000000000
0.54000000000000004 -88.44136904979524161 395.94128474138165075 0.00000000000000000 0.94732294994401156 0.00000000000000000
0.55000000000000004 -89.21158051449607740 396.42611206925926126 0.00000000000000000 0.94785880031495995 0.00000000000000000
0.56000000000000005 -90.49114091668336357 397.75812828004472976 0.00000000000000000 0.94838666841303731 0.00000000000000000
0.56999999999999995 -91.35401193490955052 398.91499259701862456 0.00000000000000000 0.94889570748375118 0.00000000000000000
0.57999999999999996 -90.88297736352873812 398.64507186618521928 0.00000000000000000 0.94937593951631893 0.00000000000000000
0.58999999999999997 -89.56708565929451993 398.09057460201626100 0.00000000000000000 0.94981984330358316 0.00000000000000000
0.59999999999999998 -88.63225094626758960 398.62024263671094104 0.00000000000000000 0.95023053432533877 0.00000000000000000
0.60999999999999999 -88.41754389269236469 398.90881402852829751 0.00000000000000000 0.95062251660617125 0.00000000000000000
0.62000000000000000 -88.49265873383166081 397.81995568015611298 0.00000000000000000 0.95099993377392245 0.00000000000000000
0.63000000000000000 -88.82252245984253136 397.61247153026675960 0.00000000000000000 0.95133924571352591 0.00000000000000000
0.64000000000000001 -89.70935826836087301 400.78720098808389594 0.00000000000000000 0.95160607589209179 0.00000000000000000
0.65000000000000002 -90.86598864992028268 406.15081560855912812 0.00000000000000000 0.95178357860607199 0.00000000000000000
0.66000000000000003 -91.44313417083108675 410.50615083742320621 0.00000000000000000 0.95187807671391522 0.00000000000000000
0.67000000000000004 -90.98934486299427249 412.47744975293687730 0.00000000000000000 0.95190722663605642 0.00000000000000000
0.68000000000000005 -90.03577415369662162 413.39646739032565392 0.00000000000000000 0.95189452714434175 0.00000000000000000
0.68999999999999995 -89.73734409862298378 415.31612749110257710 0.00000000000000000 0.95187448022021348 0.00000000000000000
0.69999999999999996 -90.79316174630901060 418.40694062058651070 0.00000000000000000 0.95189224226161051 0.00000000000000000
0.70999999999999996 -92.66946429824598397 420.67680283049895706 0.00000000000000000 0.95198645065870446 0.00000000000000000
0.71999999999999997 -94.14488243972610348 420.50748113999054567 0.00000000000000000 0.95216546731808704 0.00000000000000000
0.72999999999999998 -94.49020183062042122 418.07891183410788472 0.00000000000000000 0.95239844110263938 0.00000000000000000
0.73999999999999999 -93.84091828256123335 414.39070542811555242 0.00000000000000000 0.95262666905398130 0.00000000000000000
0.75000000000000000 -92.63324824610856467 410.57157425787079319 0.00000000000000000 0.95278434417583269 0.00000000000000000
0.76000000000000001 -91.19790218415573690 407.87223022983584997 0.00000000000000000 0.95282293631586756 0.00000000000000000
0.77000000000000002 -89.99808686818448678 407.39039951478150670 0.00000000000000000 0.95273262654763458 0.00000000000000000
0.78000000000000003 -89.62633286953021639 409.65646947416087187 0.00000000000000000 0.95254727181365029 0.00000000000000000
0.79000000000000004 -90.08544962126282485 413.57976085612324368 0.00000000000000000 0.95232948764180447 0.00000000000000000
0.80000000000000004 -90.61137368958112859 416.25525769770007400 0.00000000000000000 0.95214217102054544 0.00000000000000000
0.81000000000000005 -90.68693627555268222 416.01597779166729651 0.00000000000000000 0.95201779497105221 0.00000000000000000
0.81999999999999995 -90.43544386684484948 414.37752691506216252 0.00000000000000000 0.95194579353314090 0.00000000000000000
0.82999999999999996 -89.83483258286391049 413.24385332641224977 0.00000000000000000 0.95188531954886957 0.00000000000000000
0.83999999999999997 -88.70889922883191048 412.72485185406264918 0.00000000000000000 0.95178649557058814 0.00000000000000000
0.84999999999999998 -87.39786977448784455 412.34242739937769784 0.00000000000000000 0.95160597187656637 0.00000000000000000
0.85999999999999999 -86.45458123798688632 411.86359357715031138 0.00000000000000000 0.95131587737770773 0.00000000000000000
0.87000000000000000 -85.87910026749813142 410.93642833669576930 0.00000000000000000 0.95090833706326661 0.00000000000000000
0.88000000000000000 -85.14507599283069794 409.49454802152052935 0.00000000000000000 0.95039872843427309 0.00000000000000000
0.89000000000000001 -83.87455540015855604 408.30050641658829136 0.00000000000000000 0.94982989606805179 0.00000000000000000
0.90000000000000002 -82.41376353451533987 408.38659020110731035 0.00000000000000000 0.94927211151129454 0.00000000000000000
0.91000000000000003 -81.74940921674613037 410.20120115448804654 0.00000000000000000 0.94880910773192340 0.00000000000000000
0.92000000000000004 -82.50186671111664793 412.77424702108407928 0.00000000000000000 0.94851044384281502 0.00000000000000000
0.93000000000000005 -84.06599286579962893 413.83585344692676244 0.00000000000000000 0.94840489129833616 0.00000000000000000
0.93999999999999995 -85.45392402529377307 412.69971500043209289 0.00000000000000000 0.94847093381174497 0.00000000000000000
0.94999999999999996 -86.65102007464739131 411.92566277731600621 0.00000000000000000 0.94865048475329616 0.00000000000000000
0.95999999999999996 -88.22645992069629983 413.48267914107566412 0.00000000000000000 0.94887821663600480 0.00000000000000000
0.96999999999999997 -90.05643914520184978 415.33567820581333763 0.00000000000000000 0.94910534047523509 0.00000000000000000
0.97999999999999998 -91.28923706134736449 414.44006049478690556 0.00000000000000000 0.94930060053518739 0.00000000000000000
0.98999999999999999 -91.15817123177160397 410.67975679053080285 0.00000000000000000 0.94943952335970916 0.00000000000000000
1.00000000000000000 -89.41562144814284352 405.99957216837600527 0.00000000000000000 0.94950363887843403 0.00000000000000000
1.01000000000000001 -86.75160412467209881 402.48973704059903866 0.00000000000000000 0.94948856960842420 0.00000000000000000
1.02000000000000002 -84.80613774265512461 402.06879438216537892 0.00000000000000000 0.94940973280156271 0.00000000000000000
1.03000000000000003 -84.89622322759042561 405.39733302005629412 0.00000000000000000 0.94930107598273983 0.00000000000000000
1.04000000000000004 -86.90074879344953729 410.91722995523036843 0.00000000000000000 0.94920443894471163 0.00000000000000000
1.05000000000000004 -89.68554647463290053 416.08495486848710243 0.00000000000000000 0.94915270559625853 0.00000000000000000
1.06000000000000005 -92.17160202390823542 419.35204342257748067 0.00000000000000000 0.94915664994126203 0.00000000000000000
1.07000000000000006 -93.71035034250309081 420.55087548450359236 0.00000000000000000 0.94920495711613317 0.00000000000000000
1.08000000000000007 -93.88130667061108170 420.06409270032548875 0.00000000000000000 0.94927631881468499 0.00000000000000000
1.09000000000000008 -92.64634888140203373 418.55810819987152627 0.00000000000000000 0.94935325448368846 0.00000000000000000
1.10000000000000009 -90.61426036337510936 416.87232132236306370 0.00000000000000000 0.94943028037206645 0.00000000000000000
1.11000000000000010 -88.84099248145497540 415.80831909765981891 0.00000000000000000 0.94951293398670067 0.00000000000000000
1.12000000000000011 -88.38804462955671681 416.07797174484983316 0.00000000000000000 0.94961008246090683 0.00000000000000000
1.12999999999999989 -89.66989895147281686 417.39860549496103204 0.00000000000000000 0.94972736048455819 0.00000000000000000
1.13999999999999990 -91.96092242762424007 418.21209409050402428 0.00000000000000000 0.94986316928262626 0.00000000000000000
1.14999999999999991 -93.82717552293277663 417.61525716396147345 0.00000000000000000 0.95000712838906565 0.00000000000000000
1.15999999999999992 -94.25590186566846285 416.46470144419834014 0.00000000000000000 0.95014780276821798 0.00000000000000000
1.16999999999999993 -93.51724429239847325 415.97513430690531777 0.00000000000000000 0.95028755802188747 0.00000000000000000
1.17999999999999994 -92.89301676518050499 416.57540298344605390 0.00000000000000000 0.95044798592662993 0.00000000000000000
1.18999999999999995 -93.42323780990773230 418.12700908808051281 0.00000000000000000 0.95065957760139652 0.00000000000000000
1.19999999999999996 -95.08018781772904049 420.09721310007375905 0.00000000000000000 0.95094654768307141 0.00000000000000000
1.20999999999999996 -97.10951643806497202 421.54511400297957380 0.00000000000000000 0.95131591855210351 0.00000000000000000
1.21999999999999997 -98.76643170083096379 421.45731126287165580 0.00000000000000000 0.95175355093266190 0.00000000000000000
1.22999999999999998 -99.64450840949071164 419.34745944391681860 0.00000000000000000 0.95222675907943810 0.00000000000000000
1.23999999999999999 -99.68448191934500358 415.77958996332353081 0.00000000000000000 0.95269010879341787 0.00000000000000000
1.25000000000000000 -99.18072313468000800 412.01476249942516006 0.00000000000000000 0.95309427604401475 0.00000000000000000
1.26000000000000001 -98.58246985846179200 408.97635821261957290 0.00000000000000000 0.95339885345507058 0.00000000000000000
1.27000000000000002 -98.08335901273625268 407.22012001046272189 0.00000000000000000 0.95358458627668452 0.00000000000000000
1.28000000000000003 -97.56236746300137952 407.47258984002149873 0.00000000000000000 0.95366187052089013 0.00000000000000000
1.29000000000000004 -97.02897227773485156 409.95299143180290002 0.00000000000000000 0.95367326388917084 0.00000000000000000
1.30000000000000004 -96.91837762712719950 413.64802007516129834 0.00000000000000000 0.95368204193471029 0.00000000000000000
1.31000000000000005 -97.54996733128044184 416.97969475775244064 0.00000000000000000 0.95374597889713841 0.00000000000000000
1.32000000000000006 -98.42730244485701974 418.49157667300517005 0.00000000000000000 0.95389105119796724 0.00000000000000000
1.33000000000000007 -98.61487025635746306 416.98335456097061069 0.00000000000000000 0.95409797966419563 0.00000000000000000
1.34000000000000008 -97.59615834037519733 412.20626303496726450 0.00000000000000000 0.95430507090515981 0.00000000000000000
1.35000000000000009 -95.42935516602049972 405.53742908038145742 0.00000000000000000 0.95442878044865420 0.00000000000000000
1.36000000000000010 -92.55069598196176628 399.58847469978803701 0.00000000000000000 0.95439673069764241 0.00000000000000000
1.37000000000000011 -89.79159515355888743 397.29333417652668459 0.00000000000000000 0.95417805961654145 0.00000000000000000
1.37999999999999989 -88.19634423992118855 400.37445443947370904 0.00000000000000000 0.95379896655535723 0.00000000000000000
1.38999999999999990 -88.23956673979904508 407.40195987468638350 0.00000000000000000 0.95333928912525201 0.00000000000000000
1.39999999999999991 -89.24467199104346093 414.38676870648964723 0.00000000000000000 0.95290623004829467 0.00000000000000000
1.40999999999999992 -90.07969296220653632 418.35317209397294391 0.00000000000000000 0.95259428320009309 0.00000000000000000
1.41999999999999993 -90.33824075241162177 419.25801715256915259 0.00000000000000000 0.95245764049626613 0.00000000000000000
1.42999999999999994 -90.55102397889629628 418.67339338949511784 0.00000000000000000 0.95250457590789184 0.00000000000000000
1.43999999999999995 -91.51165532399771507 418.26600306192989365 0.00000000000000000 0.95270398408147006 0.00000000000000000
1.44999999999999996 -93.44023905331224000 418.78418724903798420 0.00000000000000000 0.95300011973710452 0.00000000000000000
1.45999999999999996 -95.65469145412353669 419.46981340219110734 0.00000000000000000 0.95333085520421568 0.00000000000000000
1.46999999999999997 -97.12112331051547187 419.15683981785093692 0.00000000000000000 0.95364187227096620 0.00000000000000000
1.47999999999999998 -97.25004370724104774 417.68811308561180340 0.00000000000000000 0.95389681641062629 0.00000000000000000
1.48999999999999999 -96.24394452182590953 415.97879211704525915 0.00000000000000000 0.95408437327545470 0.00000000000000000
1.50000000000000000 -94.94229782291593267 415.34549583257745553 0.00000000000000000 0.95421967115085182 0.00000000000000000
1.51000000000000001 -94.15060571012351431 416.11145025627365612 0.00000000000000000 0.95433743799000226 0.00000000000000000
1.52000000000000002 -93.96812628710695492 416.77891929596142973 0.00000000000000000 0.95447547840717395 0.00000000000000000
1.53000000000000003 -94.09020118385006981 415.98884612856551257 0.00000000000000000 0.95465416678331361 0.00000000000000000
1.54000000000000004 -94.56232235424212718 414.47055266860547817 0.00000000000000000 0.95486688398649844 0.00000000000000000
1.55000000000000004 -95.61613406778269564 413.63647714297758284 0.00000000000000000 0.95508609753916318 0.00000000000000000
1.56000000000000005 -96.96088833361446291 413.63056641062877361 0.00000000000000000 0.95527353703405793 0.00000000000000000
1.57000000000000006 -97.76286492959160057 413.61988372063206043 0.00000000000000000 0.95538967444207756 0.00000000000000000
1.58000000000000007 -97.31965484347934137 412.85688533271257938 0.00000000000000000 0.95540400394403724 0.00000000000000000
1.59000000000000008 -95.60835146684141250 411.23546321325369490 0.00000000000000000 0.95530156965499291 0.00000000000000000
1.60000000000000009 -93.27833948046550461 409.62302540847724686 0.00000000000000000 0.95508476130994269 0.00000000000000000
1.61000000000000010 -91.18900639552357745 409.55123313472995505 0.00000000000000000 0.95477513896911803 0.00000000000000000
1.62000000000000011 -89.81888172390674185 411.74498769059118786 0.00000000000000000 0.95441530347098180 0.00000000000000000
1.62999999999999989 -89.05306916611851875 415.05798002936813873 0.00000000000000000 0.95406442608195363 0.00000000000000000
1.63999999999999990 -88.46720662250392309 417.36904770079718219 0.00000000000000000 0.95378509445895909 0.00000000000000000
1.64999999999999991 -87.74539266513183122 417.26663692767863267 0.00000000000000000 0.95362750633834548 0.00000000000000000
1.65999999999999992 -86.92019396221948568 414.61248871561224405 0.00000000000000000 0.95361549722628414 0.00000000000000000
1.66999999999999993 -86.32735815187284345 410.26503829668411072 0.00000000000000000 0.95373632393900565 0.00000000000000000
1.67999999999999994 -86.43549728959024492 406.07306115498886356 0.00000000000000000 0.95394227326765957 0.00000000000000000
1.68999999999999995 -87.45616340754375528 403.98792636247537757 0.00000000000000000 0.95417083721903395 0.00000000000000000
1.69999999999999996 -88.85568169245431136 404.14387314143266394 0.00000000000000000 0.95437352930204145 0.00000000000000000
1.70999999999999996 -89.73368366062332768 404.96898385676860244 0.00000000000000000 0.95453385302725202 0.00000000000000000
1.71999999999999997 -89.91302936828623160 405.60737672297864265 0.00000000000000000 0.95466422314557409 0.00000000000000000
1.72999999999999998 -90.03562937997496363 406.57315787776860816 0.00000000000000000 0.95478946626356542 0.00000000000000000
1.73999999999999999 -90.45359288190738312 407.62053859489407159 0.00000000000000000 0.95493122368139083 0.00000000000000000
1.75000000000000000 -90.78246722586895601 407.27673119057868689 0.00000000000000000 0.95509543783157524 0.00000000000000000
1.76000000000000001 -90.65221712095079454 405.15495137936062520 0.00000000000000000 0.95526432822436980 0.00000000000000000
1.77000000000000002 -90.28824194243280488 402.77912601979619467 0.00000000000000000 0.95540155907880875 0.00000000000000000
1.78000000000000003 -90.34242238111949064 402.18262683889747677 0.00000000000000000 0.95546711269949358 0.00000000000000000
1.79000000000000004 -91.29106000730052983 404.55090527199627104 0.00000000000000000 0.95543451962944725 0.00000000000000000
1.80000000000000004 -92.91643096950477343 409.22608550317841036 0.00000000000000000 0.95530710894367366 0.00000000000000000
1.81000000000000005 -94.56627293693702541 414.19672125655370110 0.00000000000000000 0.95511873515097179 0.00000000000000000
1.82000000000000006 -95.82142019879846373 418.14286298013064425 0.00000000000000000 0.95491610449387099 0.00000000000000000
1.83000000000000007 -96.49093996832513653 420.75755712191374869 0.00000000000000000 0.95474587842390124 0.00000000000000000
1.84000000000000008 -96.34294256048372063 421.70709202918823166 0.00000000000000000 0.95465312271986780 0.00000000000000000
1.85000000000000009 -95.50311946173749789 420.77075286332069481 0.00000000000000000 0.95467445647598370 0.00000000000000000
1.86000000000000010 -94.69703618599695005 417.93187312545489931 0.00000000000000000 0.95482438491814003 0.00000000000000000
1.87000000000000011 -94.68750371497938545 413.61068746808092556 0.00000000000000000 0.95508501149696046 0.00000000000000000
1.87999999999999989 -95.72906948146858497 409.56314787933382604 0.00000000000000000 0.95540591189013691 0.00000000000000000
1.88999999999999990 -97.34797575501767142 407.65602310450833556 0.00000000000000000 0.95572164134937820 0.00000000000000000
1.89999999999999991 -98.54588490797951295 407.70364335050112459 0.00000000000000000 0.95598008901198805 0.00000000000000000
1.90999999999999992 -98.68910432976808522 408.14152108192047308 0.00000000000000000 0.95616094681008379 0.00000000000000000
1.91999999999999993 -98.10228285095631406 408.05366036080806680 0.00000000000000000 0.95627647053658749 0.00000000000000000
1.92999999999999994 -97.55749708203687476 407.44130884840080853 0.00000000000000000 0.95635948075131372 0.00000000000000000
1.93999999999999995 -97.58687195868840547 406.55948572721092660 0.00000000000000000 0.95644319392424659 0.00000000000000000
1.94999999999999996 -98.31242516094427231 405.87865530255288604 0.00000000000000000 0.95654281955661669 0.00000000000000000
1.95999999999999996 -99.35038496027584642 405.70959208646621619 0.00000000000000000 0.95665259158807925 0.00000000000000000
1.96999999999999997 -99.94109205183924871 405.70533136935586072 0.00000000000000000 0.95675624409250992 0.00000000000000000
1.97999999999999998 -99.70346926766266904 405.56474725175615959 0.00000000000000000 0.95683872135279779 0.00000000000000000
1.98999999999999999 -99.09837728631995901 405.47581832682362801 0.00000000000000000 0.95689393952435453 0.00000000000000000
2.00000000000000000 -98.88828633410902569 405.47028799048410974 0.00000000000000000 0.95692264284660800 0.00000000000000000
2.00999999999999979 -99.39770638693136107 405.32109736710333436 0.00000000000000000 0.95691930378794943 0.00000000000000000
2.02000000000000002 -100.40705075120081347 405.26464365778116417 0.00000000000000000 0.95686381298615164 0.00000000000000000
2.02999999999999980 -101.53010210641969024 406.32263702277646189 0.00000000000000000 0.95673144446318559 0.00000000000000000
2.04000000000000004 -102.39299568208940627 409.41979999058037265 0.00000000000000000 0.95651626545575541 0.00000000000000000
2.04999999999999982 -102.63120379494742451 414.07667080958015049 0.00000000000000000 0.95625025506037131 0.00000000000000000
2.06000000000000005 -102.19761388712218775 418.22386374027769307 0.00000000000000000 0.95600028024148764 0.00000000000000000
2.06999999999999984 -101.59283626075858820 419.63953868558866134 0.00000000000000000 0.95583822961914511 0.00000000000000000
2.08000000000000007 -101.53356468280733793 417.95426299722367958 0.00000000000000000 0.95580160098798628 0.00000000000000000
2.08999999999999986 -102.26870262208802842 414.76030652399117571 0.00000000000000000 0.95587466638788421 0.00000000000000000
2.10000000000000009 -103.17690234083644896 411.55143529675126501 0.00000000000000000 0.95600339868557949 0.00000000000000000
2.10999999999999988 -103.19212729243129445 408.45198088000842063 0.00000000000000000 0.95612910658282879 0.00000000000000000
2.12000000000000011 -101.68897109968462189 404.92064677999223932 0.00000000000000000 0.95621678868468096 0.00000000000000000
2.12999999999999989 -99.00668416187873788 400.87110678794357455 0.00000000000000000 0.95626487258196036 0.00000000000000000
2.14000000000000012 -96.12134017279466036 396.95097575664476608 0.00000000000000000 0.95629825522941614 0.00000000000000000
2.14999999999999991 -93.84449721578243953 393.99186167455451368 0.00000000000000000 0.95635346412495115 0.00000000000000000
2.16000000000000014 -92.57542157676431316 392.35051398841540049 0.00000000000000000 0.95646380159814259 0.00000000000000000
2.16999999999999993 -92.51891292272341616 391.68816171769304901 0.00000000000000000 0.95664886821498452 0.00000000000000000
2.18000000000000016 -93.51694439152535665 391.11381650317179037 0.00000000000000000 0.95690869976942283 0.00000000000000000
2.18999999999999995 -94.93149856937274933 389.75896576253273906 0.00000000000000000 0.95722120986774595 0.00000000000000000
2.20000000000000018 -96.15836126443122112 387.51254983500251683 0.00000000000000000 0.95754442282367891 0.00000000000000000
2.20999999999999996 -96.89565556490498466 384.96084460986531894 0.00000000000000000 0.95782579170565652 0.00000000000000000
2.22000000000000020 -96.83548038130162183 382.79180386416891224 0.00000000000000000 0.95801677532469265 0.00000000000000000
2.22999999999999998 -95.74164486087718728 381.49992250277404082 0.00000000000000000 0.95808958753584372 0.00000000000000000
2.24000000000000021 -93.93748507852674834 381.31645088178152037 0.00000000000000000 0.95805015469674715 0.00000000000000000
2.25000000000000000 -92.31984459103367158 382.28487790402311930 0.00000000000000000 0.95793688150137835 0.00000000000000000
2.25999999999999979 -91.74834838142216142 384.07011644664731875 0.00000000000000000 0.95780368100590174 0.00000000000000000
2.27000000000000002 -92.35121847237051895 385.50377518729919757 0.00000000000000000 0.95769546762905844 0.00000000000000000
2.27999999999999980 -93.50866262820586883 385.59664026295814665 0.00000000000000000 0.95762472805638443 0.00000000000000000
2.29000000000000004 -94.58327069159243194 385.17825008042797208 0.00000000000000000 0.95756535127695652 0.00000000000000000
2.29999999999999982 -95.33013846384119461 385.85730023053827153 0.00000000000000000 0.95747619796397365 0.00000000000000000
2.31000000000000005 -95.66832800036243611 387.71788160639465559 0.00000000000000000 0.95733435584152315 0.00000000000000000
2.31999999999999984 -95.55727013904251521 389.50668190987164508 0.00000000000000000 0.95714629733499523 0.00000000000000000
2.33000000000000007 -95.05704745750098539 390.53495521629093901 0.00000000000000000 0.95693704912884925 0.00000000000000000
2.33999999999999986 -94.24129043266250960 391.25822364293128430 0.00000000000000000 0.95673938769481115 0.00000000000000000
2.35000000000000009 -93.18762845377987958 392.16315467924493987 0.00000000000000000 0.95659178340915219 0.00000000000000000
2.35999999999999988 -92.26880873190155796 392.95287816781757328 0.00000000000000000 0.95653510141710540 0.00000000000000000
2.37000000000000011 -92.22140625392279389 393.07428015090800955 0.00000000000000000 0.95659915919111471 0.00000000000000000
2.37999999999999989 -93.75587714315246046 392.74710805698282456 0.00000000000000000 0.95678826374154868 0.00000000000000000
2.39000000000000012 -97.24685557865196017 392.89745929465038898 0.00000000000000000 0.95708148769868595 0.00000000000000000
2.39999999999999991 -102.32809067807535541 393.56251168063408841 0.00000000000000000 0.95744954842650210 0.00000000000000000
2.41000000000000014 -107.26767489444077341 393.44355124023724102 0.00000000000000000 0.95787889183032859 0.00000000000000000
2.41999999999999993 -109.45641531722705508 392.32565622812899164 0.00000000000000000 0.95839249900174561 0.00000000000000000
2.43000000000000016 -107.45478352965577074 392.34106583137696589 0.00000000000000000 0.95905705738322733 0.00000000000000000
2.43999999999999995 -102.66398924304472473 395.13588579562514269 0.00000000000000000 0.95997136063022770 0.00000000000000000
2.45000000000000018 -99.05215027632806368 399.55030297736288958 0.00000000000000000 0.96124133033309278 0.00000000000000000
2.45999999999999996 -100.61038224774775074 402.97890258227545246 0.00000000000000000 0.96294290562000062 0.00000000000000000
2.47000000000000020 -107.30523704155976361 402.97844776174946446 0.00000000000000000 0.96507497108603491 0.00000000000000000
2.47999999999999998 -114.01102159418216786 397.98723543363155386 0.00000000000000000 0.96753498538426674 0.00000000000000000
2.49000000000000021 -115.53507041060342431 388.96550217856116660 0.00000000000000000 0.97014680400455100 0.00000000000000000
2.50000000000000000 -112.35743523975085623 380.24926035648292100 0.00000000000000000 0.97271943066720012 0.00000000000000000
2.50999999999999979 -110.02351189980649337 377.04592493596891245 0.00000000000000000 0.97509203687883139 0.00000000000000000
2.52000000000000002 -112.78050629326297383 381.17374321506196111 0.00000000000000000 0.97714498799447291 0.00000000000000000
2.52999999999999980 -119.25030695247212975 389.83701469354633673 0.00000000000000000 0.97879896270577860 0.00000000000000000
2.54000000000000004 -125.36154788710845764 399.23144551634294430 0.00000000000000000 0.98002859854438540 0.00000000000000000
2.54999999999999982 -129.32154830506189569 407.85467631341492734 0.00000000000000000 0.98087879329509309 0.00000000000000000
2.56000000000000005 -131.92615538894338556 415.32133455231519292 0.00000000000000000 0.98145976248068845 0.00000000000000000
2.56999999999999984 -134.05846354218562055 420.64896064548929644 0.00000000000000000 0.98191403679002331 0.00000000000000000
2.58000000000000007 -135.95621725483201203 423.87664830355589629 0.00000000000000000 0.98236809695758132 0.00000000000000000
2.58999999999999986 -138.25829661560993600 427.21776619172112532 0.00000000000000000 0.98290040071061013 0.00000000000000000
2.60000000000000009 -141.88813786363539293 432.08967848395940337 0.00000000000000000 0.98354038251406140 0.00000000000000000
2.60999999999999988 -146.40772720547485619 436.41076966051105046 0.00000000000000000 0.98427310250039157 0.00000000000000000
2.62000000000000011 -149.99728536968132175 436.89712394133823636 0.00000000000000000 0.98503587831109773 0.00000000000000000
2.62999999999999989 -151.57065761355113409 432.82110008055138906 0.00000000000000000 0.98572853836112606 0.00000000000000000
2.64000000000000012 -151.65202607427340808 426.48386705688272968 0.00000000000000000 0.98624678860855020 0.00000000000000000
2.64999999999999991 -151.32640642920310370 421.07958819429984487 0.00000000000000000 0.98652223653076587 0.00000000000000000
2.66000000000000014 -151.35624684345515334 418.21611232673905079 0.00000000000000000 0.98654757004854421 0.00000000000000000
2.66999999999999993 -151.73809596796192523 416.85895949327772314 0.00000000000000000 0.98636806886221917 0.00000000000000000
2.68000000000000016 -151.63397931159636300 414.80739426809634551 0.00000000000000000 0.98604372337380364 0.00000000000000000
2.68999999999999995 -150.16804185228815527 410.97023904034824682 0.00000000000000000 0.98561733624268244 0.00000000000000000
2.70000000000000018 -147.17276144746526256 405.80925907724935087 0.00000000000000000 0.98511164171383070 0.00000000000000000
2.70999999999999996 -143.16680463377326760 400.48631382416988345 0.00000000000000000 0.98454103974683893 0.00000000000000000
2.72000000000000020 -139.12384304013073688 396.47294330589210176 0.00000000000000000 0.98392039037028156 0.00000000000000000
2.72999999999999998 -136.25400668112391145 395.10294465703151445 0.00000000000000000 0.98327162404609492 0.00000000000000000
2.74000000000000021 -135.46544965233570679 396.35437426915154902 0.00000000000000000 0.98262988306044763 0.00000000000000000
2.75000000000000000 -136.71015699832352652 398.51138217870499147 0.00000000000000000 0.98203688732970640 0.00000000000000000
2.75999999999999979 -138.91581030045000489 399.59237547534877422 0.00000000000000000 0.98151584195724606 0.00000000000000000
2.77000000000000002 -140.61457987055382546 398.59283453779107731 0.00000000000000000 0.98105341622777675 0.00000000000000000
2.77999999999999980 -140.75660113536261520 395.50594437576762630 0.00000000000000000 0.98061177305318914 0.00000000000000000
2.79000000000000004 -139.25306845840506753 390.98175703818066040 0.00000000000000000 0.98015550081515901 0.00000000000000000
2.79999999999999982 -136.90809980183209404 385.94887566442690741 0.00000000000000000 0.97966392708868100 0.00000000000000000
2.81000000000000005 -134.71714639517546175 381.38585544279465012 0.00000000000000000 0.97912240349719548 0.00000000000000000
2.81999999999999984 -133.30700496559711610 378.63721439508134381 0.00000000000000000 0.97851425211454524 0.00000000000000000
2.83000000000000007 -133.11414257042707732 379.31337144608994549 0.00000000000000000 0.97783335109947900 0.00000000000000000
2.83999999999999986 -134.47145014858884338 383.72338931840846499 0.00000000000000000 0.97710738958141141 0.00000000000000000
2.85000000000000009 -137.04104361385768129 389.81362910904169894 0.00000000000000000 0.97639831783231323 0.00000000000000000
2.85999999999999988 -139.73181417803607474 394.82531787244471388 0.00000000000000000 0.97576687645914517 0.00000000000000000
2.87000000000000011 -141.57706915757344746 397.57441218631072388 0.00000000000000000 0.97523296902296253 0.00000000000000000
2.87999999999999989 -142.30234437828562477 398.44374001684019504 0.00000000000000000 0.97476787221388284 0.00000000000000000
2.89000000000000012 -142.09439002871224034 398.20255799806795949 0.00000000000000000 0.97431653048454303 0.00000000000000000
2.89999999999999991 -141.43650885636111525 397.96202542520802581 0.00000000000000000 0.97382373890644036 0.00000000000000000
2.91000000000000014 -141.07863663323209380 399.33892244575429231 0.00000000000000000 0.97325380779033011 0.00000000000000000
2.91999999999999993 -141.48152272768584226 403.20558293233534641 0.00000000000000000 0.97260627471667427 0.00000000000000000
2.93000000000000016 -142.30050880395700119 408.65215261658636337 0.00000000000000000 0.97191530212198507 0.00000000000000000
2.93999999999999995 -142.81079687653348742 413.67271749931876457 0.00000000000000000 0.97123039205748463 0.00000000000000000
2.95000000000000018 -142.54772385782638366 416.25882494048408944 0.00000000000000000 0.97059679588640702 0.00000000000000000
2.95999999999999996 -141.43431464457498237 415.29619112777726286 0.00000000000000000 0.97003947029081938 0.00000000000000000
2.97000000000000020 -139.83691498482130555 411.59592827320153674 0.00000000000000000 0.96954997958740274 0.00000000000000000
2.97999999999999998 -138.52790274349635524 407.77309737453731486 0.00000000000000000 0.96909077999962123 0.00000000000000000
2.99000000000000021 -138.19546546864376069 406.33473464227591876 0.00000000000000000 0.96861890261924044 0.00000000000000000
3.00000000000000000 -138.84471594349960810 407.87586370306337358 0.00000000000000000 0.96810826111512094 0.00000000000000000
3.00999999999999979 -139.83386834680030120 411.20420618220612141 0.00000000000000000 0.96755514015113653 0.00000000000000000
3.02000000000000002 -140.68042203297122228 414.99509693801326193 0.00000000000000000 0.96697164571310901 0.00000000000000000
