0.0 -0.035407825621279976
0.01 -0.035362084304110475
0.02 -0.03530956564171994
0.03 -0.03524555319356004
0.04 -0.03516711513848758
0.05 -0.03507297654005104
0.06 -0.034963330495893175
0.07 -0.03484004858671241
0.08 -0.03470620309234462
0.09 -0.03456497114989432
0.1 -0.0344193281228673
0.11 -0.03427235378162852
0.12 -0.0341269814575087
0.13 -0.03398539260597655
0.14 -0.033849218420762384
0.15 -0.033720262994582306
0.16 -0.033600643447896594
0.17 -0.033492442886811524
0.18 -0.033397308253008795
0.19 -0.03331598901260424
0.2 -0.03324796266011987
0.21 -0.0331914977384038
0.22 -0.033144218586484975
0.23 -0.033103785924069484
0.24 -0.03306837727616241
0.25 -0.033036816070156405
0.26 -0.03300830527290621
0.27 -0.03298216924045505
0.28 -0.032957834728041036
0.29 -0.03293470510369012
0.3 -0.03291180543904382
0.31 -0.0328877912154093
0.32 -0.03286164248709866
0.33 -0.032833194204163973
0.34 -0.03280298424689665
0.35 -0.03277188091209471
0.36 -0.03274073096901908
0.37 -0.03270988848849843
0.38 -0.032678735060722275
0.39 -0.03264592090998164
0.4 -0.03261035674168955
0.41 -0.03257179377006203
0.42 -0.032530617297712894
0.43 -0.032487328721428455
0.44 -0.032442087721626045
0.45 -0.03239484521635472
0.46 -0.032346144862996695
0.47 -0.03229767725434307
0.48 -0.03225181238333352
0.49 -0.03221069916527419
0.5 -0.03217579425292438
0.51 -0.03214757255973488
0.52 -0.03212522168206711
0.53 -0.032106755293472844
0.54 -0.03208980449546406
0.55 -0.03207245193797803
0.56 -0.0320530601124025
0.57 -0.03202977800457685
0.58 -0.03200093305417351
0.59 -0.03196563666603325
0.6 -0.03192373485251032
0.61 -0.03187542268024668
0.62 -0.03182110399780491
0.63 -0.03176150017593482
0.64 -0.03169784216708482
0.65 -0.03163214015733118
0.66 -0.03156726022182177
0.67 -0.03150646123584888
0.68 -0.031452457095020314
0.69 -0.03140683615229989
0.7 -0.03137049932388525
0.71 -0.0313443795658106
0.72 -0.03132944068579935
0.73 -0.03132626719396825
0.74 -0.03133500732963057
0.75 -0.031355407790317535
0.76 -0.03138682317285646
0.77 -0.031428723951218984
0.78 -0.03148102482590254
0.79 -0.03154340780626619
0.8 -0.031614655395439506
0.81 -0.03169292678782565
0.82 -0.03177614457955524
0.83 -0.031861639190960744
0.84 -0.03194573074486762
0.85 -0.03202428589204054
0.86 -0.03209380405000761
0.87 -0.032151717952071834
0.88 -0.032195842154173704
0.89 -0.03222410684999222
0.9 -0.03223475367881079
0.91 -0.032226327365587615
0.92 -0.03219773591640873
0.93 -0.032148934757876724
0.94 -0.03208177003051471
0.95 -0.03199982658324707
0.96 -0.031907134760990274
0.97 -0.03180710734861325
0.98 -0.03170254343048118
0.99 -0.031596016810698124
1.0 -0.03149002061611128
1.01 -0.03138707486113557
1.02 -0.03128967248765324
1.03 -0.031199806698206878
1.04 -0.03111835057381196
1.05 -0.03104483503610833
1.06 -0.03097819287284409
1.07 -0.030917844611201062
1.08 -0.030863908848690613
1.09 -0.030816737712477504
1.1 -0.030776743415033003
1.11 -0.03074453832785995
1.12 -0.030720471498138835
1.13 -0.030703606479527856
1.14 -0.03069173376639167
1.15 -0.030682782830594668
1.16 -0.030675847398583755
1.17 -0.03067078745931262
1.18 -0.03066751659462419
1.19 -0.030666233493830575
1.2 -0.03066796495817492
1.21 -0.030674203055280458
1.22 -0.030685794331479777
1.23 -0.030702166179015222
1.24 -0.03072180762212451
1.25 -0.030743394171970806
1.26 -0.030766104603492828
1.27 -0.03078932091272346
1.28 -0.03081245627129725
