0.0 -0.08627813928386185
0.01 -0.08630700350669773
0.02 -0.08633834547497354
0.03 -0.08637207882009612
0.04 -0.08640832042479385
0.05 -0.08644738566053523
0.06 -0.08648931746127353
0.07 -0.08653352903924638
0.08 -0.08657927804206977
0.09 -0.0866259976535595
0.1 -0.08667277231749271
0.11 -0.08671798482677229
0.12 -0.08675952476015159
0.13 -0.08679516933034748
0.14 -0.08682331306584423
0.15 -0.08684377627726025
0.16 -0.0868577680256779
0.17 -0.08686698362537193
0.18 -0.08687266651318026
0.19 -0.08687522140377801
0.2 -0.0868746839626997
0.21 -0.08687149629214375
0.22 -0.08686653719215176
0.23 -0.08686068823893045
0.24 -0.08685454716736096
0.25 -0.08684815562449444
0.26 -0.08684100191462285
0.27 -0.08683248740856087
0.28 -0.08682237827413886
0.29 -0.08681077776610735
0.3 -0.08679769880886301
0.31 -0.0867827036858202
0.32 -0.08676492633198762
0.33 -0.0867437200256429
0.34 -0.08671958475789499
0.35 -0.08669442439366826
0.36 -0.08667082631203904
0.37 -0.08665096578193143
0.38 -0.08663612242278784
0.39 -0.08662708660723606
0.4 -0.08662467280012809
0.41 -0.08662968185230646
0.42 -0.08664243487457757
0.43 -0.08666256801571492
0.44 -0.08668925793474802
0.45 -0.08672109604918088
0.46 -0.08675559542136835
0.47 -0.0867893373499129
0.48 -0.08681877507269942
0.49 -0.08684089135733775
0.5 -0.08685368254855597
0.51 -0.08685649833967535
0.52 -0.0868498439886336
0.53 -0.08683482200823
0.54 -0.08681272938347107
0.55 -0.08678497830920318
0.56 -0.08675320688961552
0.57 -0.08671933051003577
0.58 -0.0866852860012477
0.59 -0.0866526675745467
0.6 -0.08662263281671834
0.61 -0.08659584996542247
0.62 -0.08657250425070284
0.63 -0.08655267436845993
0.64 -0.08653649868516133
0.65 -0.08652385300964749
0.66 -0.08651425078635633
0.67 -0.0865072710717012
0.68 -0.08650313835017531
0.69 -0.08650272502378176
0.7 -0.08650660235513552
0.71 -0.08651412577586459
0.72 -0.08652373213623221
0.73 -0.08653383721188224
0.74 -0.08654311722192887
0.75 -0.08655051031457806
0.76 -0.086555508282256
0.77 -0.08655810430615585
0.78 -0.08655840659450487
0.79 -0.08655673000494257
0.8 -0.08655366876006898
0.81 -0.08654977363487859
0.82 -0.08654574679557125
0.83 -0.08654299319838632
0.84 -0.08654359008864088
0.85 -0.08654983834781316
0.86 -0.08656378669081022
0.87 -0.08658673876416056
0.88 -0.08661895365147743
0.89 -0.08665962039538933
0.9 -0.08670707303615721
0.91 -0.08675925124090611
0.92 -0.0868139668614436
0.93 -0.08686864758171886
0.94 -0.08692009662015732
0.95 -0.08696501697898729
0.96 -0.08700082957209343
0.97 -0.08702575643330057
0.98 -0.087038611037217
0.99 -0.08703892957335402
1.0 -0.08702685432279367
1.01 -0.08700272936273823
1.02 -0.08696702975014592
1.03 -0.08692056314144558
1.04 -0.0868647690467137
1.05 -0.08680208637509423
1.06 -0.08673586899474373
1.07 -0.08666952749292633
1.08 -0.08660564397704729
1.09 -0.08654580642888554
1.1 -0.08649085754609676
1.11 -0.08644116556801862
1.12 -0.08639694506214735
1.13 -0.08635839533256551
1.14 -0.08632548906285642
1.15 -0.08629787191244809
1.16 -0.0862754268721515
1.17 -0.0862592230458663
1.18 -0.08625165451308003
1.19 -0.08625540427781697
1.2 -0.08627246356937768
1.21 -0.08630387250090621
1.22 -0.08634982064670549
1.23 -0.0864099865125958
1.24 -0.08648363356046129
1.25 -0.08656896982372508
1.26 -0.08666261719077006
1.27 -0.08676015014903182
1.28 -0.08685722945448049
