0.0 0.32499504572169124
0.01 0.32498329255513325
0.02 0.3249703674887016
0.03 0.32495576342021715
0.04 0.32493914319178274
0.05 0.32492035615453313
0.06 0.3248994318723385
0.07 0.3248765983956111
0.08 0.3248522047089023
0.09 0.32482659747923576
0.1 0.32480016802982453
0.11 0.3247734328516151
0.12 0.32474693001441435
0.13 0.32472107850756926
0.14 0.3246962120879536
0.15 0.32467268002833477
0.16 0.3246508182893463
0.17 0.32463084768481276
0.18 0.3246128342686897
0.19 0.32459673703060776
0.2 0.32458247077626246
0.21 0.32456992263101886
0.22 0.32455896826258207
0.23 0.32454949377907966
0.24 0.32454141587395063
0.25 0.3245347095908501
0.26 0.3245293505741952
0.27 0.3245252164973646
0.28 0.3245220976890718
0.29 0.3245197398497335
0.3 0.32451783766050896
0.31 0.3245161028613322
0.32 0.3245144370489894
0.33 0.32451301388069476
0.34 0.3245121539733221
0.35 0.3245121396052748
0.36 0.32451316115154416
0.37 0.3245153590097065
0.38 0.3245187927973483
0.39 0.32452338355917054
0.4 0.3245289600878422
0.41 0.32453534620205277
0.42 0.32454244252987274
0.43 0.32455026936920933
0.44 0.3245588929667795
0.45 0.32456836204255457
0.46 0.3245787981081616
0.47 0.3245904798613357
0.48 0.324603743536945
0.49 0.32461885591717543
0.5 0.32463599385789504
0.51 0.3246552131216366
0.52 0.3246764128372126
0.53 0.3246993696437869
0.54 0.3247238071990002
0.55 0.3247494350206674
0.56 0.3247758906770764
0.57 0.3248027282200152
0.58 0.3248296095892441
0.59 0.32485648600186773
0.6 0.324883560671211
0.61 0.32491115714516006
0.62 0.3249396389423487
0.63 0.32496934818382484
0.64 0.325000540558815
0.65 0.3250333675218538
0.66 0.325067921644733
0.67 0.3251042809008923
0.68 0.32514246806858715
0.69 0.3251824150549173
0.7 0.3252240585547791
0.71 0.3252674202050988
0.72 0.32531252001529604
0.73 0.32535928442784107
0.74 0.3254075729743426
0.75 0.32545717259772067
0.76 0.3255077849764637
0.77 0.3255592015491985
0.78 0.3256114795556925
0.79 0.3256648287317419
0.8 0.3257193517381624
0.81 0.3257749282703562
0.82 0.3258312723383836
0.83 0.32588801521379335
0.84 0.3259447190995978
0.85 0.32600088599241767
0.86 0.3260560544038303
0.87 0.32610986858975377
0.88 0.32616200304636184
0.89 0.32621209577486593
0.9 0.32625978729092764
0.91 0.32630475750493737
0.92 0.3263467477333308
0.93 0.326385644370695
0.94 0.3264215686859761
0.95 0.3264548006004172
0.96 0.32648557419690094
0.97 0.32651399794305214
0.98 0.3265401240346459
0.99 0.32656403488364805
1.0 0.3265859379324432
1.01 0.3266062046741039
1.02 0.3266252701649169
1.03 0.3266435064501805
1.04 0.3266611247165896
1.05 0.3266780742914514
1.06 0.32669410942201504
1.07 0.3267090552776343
1.08 0.32672297761487357
1.09 0.3267361631322117
1.1 0.3267490886268343
1.11 0.3267623905272768
1.12 0.32677673041848126
1.13 0.32679264773875266
1.14 0.32681056699330463
1.15 0.32683090949583443
1.16 0.32685409015041966
1.17 0.32688034120073567
1.18 0.3269095734263298
1.19 0.3269414339620729
1.2 0.32697546166493763
1.21 0.3270111922485956
1.22 0.32704817406973
1.23 0.32708592944563547
1.24 0.32712393318529503
1.25 0.32716163245762997
1.26 0.3271984748521751
1.27 0.3272339353968799
1.28 0.3272675320755769
