0.0 -0.06535445160189113
0.01 -0.06558738404800213
0.02 -0.06581785696654929
0.03 -0.06604326953420525
0.04 -0.06626062180791248
0.05 -0.06646700693819874
0.06 -0.06665976406166063
0.07 -0.06683615947319854
0.08 -0.06699328730190679
0.09 -0.06712869165264745
0.1 -0.06724137379639039
0.11 -0.06733225682881105
0.12 -0.06740389536086777
0.13 -0.06745970200156926
0.14 -0.06750283741489582
0.15 -0.0675354600409559
0.16 -0.06755891673102177
0.17 -0.06757434989594913
0.18 -0.0675827974434311
0.19 -0.06758485686487248
0.2 -0.06758051491600536
0.21 -0.06756921372537317
0.22 -0.0675503237600843
0.23 -0.06752388454005764
0.24 -0.06749075495167389
0.25 -0.0674521664554586
0.26 -0.06740947860683644
0.27 -0.06736424466821056
0.28 -0.06731798898114061
0.29 -0.06727148747018319
0.3 -0.06722427276807252
0.31 -0.067174834665777
0.32 -0.06712123701226158
0.33 -0.06706197408921444
0.34 -0.06699663259546096
0.35 -0.06692582264678393
0.36 -0.06685059788366665
0.37 -0.06677205871565928
0.38 -0.06669148332197494
0.39 -0.06661046208749699
0.4 -0.0665304753020779
0.41 -0.0664524865272762
0.42 -0.06637729607579068
0.43 -0.06630582602085155
0.44 -0.06623854139424257
0.45 -0.06617517946580342
0.46 -0.06611558631418468
0.47 -0.06606049517706136
0.48 -0.06601132126301223
0.49 -0.06596961694093118
0.5 -0.06593675700739166
0.51 -0.06591378126557146
0.52 -0.06590162857652526
0.53 -0.06590155901928263
0.54 -0.06591513368966062
0.55 -0.06594369435201486
0.56 -0.0659874016446631
0.57 -0.06604435443245649
0.58 -0.06611094363657255
0.59 -0.06618338626663167
0.6 -0.06625898864954571
0.61 -0.06633633721111742
0.62 -0.06641484688732291
0.63 -0.06649424513006341
0.64 -0.066574401835088
0.65 -0.06665564388790202
0.66 -0.06673912635686374
0.67 -0.06682683036678938
0.68 -0.06692096371026501
0.69 -0.06702282799792858
0.7 -0.06713196303870284
0.71 -0.06724620164684225
0.72 -0.06736228741083394
0.73 -0.06747668396630058
0.74 -0.06758636655754824
0.75 -0.0676890724970578
0.76 -0.06778302518494428
0.77 -0.06786697417917331
0.78 -0.06794077890964445
0.79 -0.06800570285018548
0.8 -0.0680639931674678
0.81 -0.0681182096130506
0.82 -0.068170750261344
0.83 -0.0682237655615161
0.84 -0.06827925957898007
0.85 -0.06833868659796671
0.86 -0.06840214007872536
0.87 -0.0684681700783436
0.88 -0.06853435237947281
0.89 -0.06859780008042904
0.9 -0.06865542646922762
0.91 -0.06870457429123977
0.92 -0.06874381989049727
0.93 -0.06877275747731026
0.94 -0.06879099974787373
0.95 -0.06879789092635313
0.96 -0.06879317798882933
0.97 -0.06877770643075731
0.98 -0.06875353216384106
0.99 -0.06872367516965827
1.0 -0.06869187490629436
1.01 -0.06866223092967871
1.02 -0.06863850195953702
1.03 -0.0686230398171741
1.04 -0.06861619837254729
1.05 -0.06861706761357933
1.06 -0.06862465638743043
1.07 -0.06863848159836472
1.08 -0.06865861619432767
1.09 -0.06868554987765219
1.1 -0.06872000627590946
1.11 -0.0687623850062602
1.12 -0.06881220568264634
1.13 -0.06886862570309482
1.14 -0.06893140160466071
1.15 -0.06900094729568451
1.16 -0.06907782214909197
1.17 -0.06916217779775735
1.18 -0.06925310823829278
1.19 -0.06934852601661667
1.2 -0.0694458824479236
1.21 -0.0695430140677491
1.22 -0.06963844333189684
1.23 -0.06973107979455229
1.24 -0.06981994258437574
1.25 -0.06990422631839355
1.26 -0.06998338145477945
1.27 -0.07005716152556563
1.28 -0.07012554203484189
