0.0 3.205229655762355
0.01 3.2054806026208342
0.02 3.2057260027628622
0.03 3.205959370033247
0.04 3.2061764581609022
0.05 3.2063753866715206
0.06 3.2065573702627743
0.07 3.2067267160354804
0.08 3.2068888252739605
0.09 3.2070478789575594
0.1 3.2072061211998517
0.11 3.207364375152603
0.12 3.2075224471194765
0.13 3.20767946740444
0.14 3.207834986524975
0.15 3.2079897848536643
0.16 3.208145072077932
0.17 3.208301365175873
0.18 3.2084585523873317
0.19 3.20861624295161
0.2 3.2087735560458612
0.21 3.2089289262041745
0.22 3.2090801707392904
0.23 3.2092246702529463
0.24 3.2093598030770454
0.25 3.209483585278215
0.26 3.2095949677590214
0.27 3.2096935763485943
0.28 3.209779307511048
0.29 3.209851876843378
0.3 3.2099104765545867
0.31 3.2099543369403225
0.32 3.2099838509848837
0.33 3.2100008459497023
0.34 3.2100081583789373
0.35 3.2100091611750194
0.36 3.210006969731729
0.37 3.21000374708282
0.38 3.210000930800423
0.39 3.210000354385792
0.4 3.2100049871459206
0.41 3.210018134181297
0.42 3.210042058789254
0.43 3.2100774889546027
0.44 3.2101242133887866
0.45 3.210182172665871
0.46 3.210252048603513
0.47 3.210335028439617
0.48 3.210432194368414
0.49 3.210543596197545
0.5 3.2106673598543676
0.51 3.2107997860874464
0.52 3.210936459250649
0.53 3.211073421431813
0.54 3.2112078784875533
0.55 3.211338305545241
0.56 3.2114638647603106
0.57 3.211583613674919
0.58 3.211695729393483
0.59 3.2117971504395566
0.6 3.2118846030357773
0.61 3.21195586789291
0.62 3.212009604163418
0.63 3.2120447975553885
0.64 3.2120613584748785
0.65 3.2120611160409416
0.66 3.212047912925252
0.67 3.2120270641822475
0.68 3.212004749747325
0.69 3.2119876267878262
0.7 3.2119826879787734
0.71 3.2119965450652197
0.72 3.212034356072699
0.73 3.212099621650361
0.74 3.2121943456380686
0.75 3.2123188412959665
0.76 3.2124717316386002
0.77 3.2126497844047313
0.78 3.212847268843923
0.79 3.2130559059298394
0.8 3.2132659353853077
0.81 3.213467872849215
0.82 3.213654086245704
0.83 3.2138190525596286
0.84 3.2139583880314753
0.85 3.2140681254796934
0.86 3.2141449840657677
0.87 3.21418741909271
0.88 3.2141968016749862
0.89 3.214177265937603
0.9 3.214133563996241
0.91 3.21406882000063
0.92 3.213984404876953
0.93 3.2138816444416087
0.94 3.2137637509646773
0.95 3.2136362047788554
0.96 3.213504555574143
0.97 3.213371904362554
0.98 3.2132391367503486
0.99 3.213106812709272
1.0 3.212976215374683
1.01 3.2128495913157353
1.02 3.2127297671847237
1.03 3.2126190893180055
1.04 3.2125185016638396
1.05 3.2124275339799686
1.06 3.212345518449115
1.07 3.21227266296568
1.08 3.2122095240736996
1.09 3.2121559135392967
1.1 3.21211080085874
1.11 3.212073293942466
1.12 3.2120434575242007
1.13 3.212021984801116
1.14 3.212009386605221
1.15 3.212005895475702
1.16 3.2120121669515536
1.17 3.2120295585716114
1.18 3.212059761612328
1.19 3.212105176911651
1.2 3.2121692544015006
1.21 3.212255133488895
1.22 3.2123641211868987
1.23 3.2124957328227515
1.24 3.212648465698184
1.25 3.2128200170407224
1.26 3.2130067211741
1.27 3.2132027125369564
1.28 3.2133992801844817
