14 13 0 0 0 0 0 0 16 0 0 0 3
0.32499504572169124 1.2111310137295457 4.719841583119183 0.0000 0.0000 0.0000 33.796 2.6149283804462167
0.3137934691801363 1.327022618934707 1.5146119273568277 0.0000 0.0000 0.0000 5.508 0.14264906788008197
0.3201697036755894 1.3310819336409345 4.623151556070326 0.0000 0.0000 0.0000 1.9040000000000001 0.025976395436784063
0.36659845548718767 1.0374234796635595 5.212804434934387 0.0000 0.0000 0.0000 1.088 0.006589623518879322
0.3021970922775983 1.33037269219425 4.654487131517292 0.0000 0.0000 0.0000 1.9040000000000001 0.026522197985889697
0.3350216202588922 1.0264472220873724 5.265846546231353 0.0000 0.0000 0.0000 1.088 0.006161977600208707
0.3266300070468857 0.7510776551784408 4.709980798727882 0.0000 0.0000 0.0000 6.800000000000001 0.12510357116220389
0.3089132861580721 0.3201815671890512 4.62370265944402 0.0000 0.0000 0.0000 3.162 0.05764034068452098
0.34314746234251714 0.045485821197165266 5.909861037509991 0.0000 0.0000 0.0000 0.9860000000000001 0.0032948730474483537
0.44954451480127244 0.021663089593373337 6.250423232740317 0.0000 0.0000 0.0000 0.40800000000000003 0.0010092525347572589
0.3219795756189979 0.7510020249679841 4.684433757497903 0.0000 0.0000 0.0000 6.800000000000001 0.12551823845123636
0.3006280217769506 0.3185446348882329 4.636857473837938 0.0000 0.0000 0.0000 3.162 0.0582358230211912
0.33916384011037015 0.04561569538520617 5.967577244714672 0.0000 0.0000 0.0000 0.9860000000000001 0.003274714800396042
0.44443537011521594 0.022982782169757715 6.203458903034891 0.0000 0.0000 0.0000 0.40800000000000003 0.0009369970914558431
1 2 -0.27816164663441356 0.0 -0.1625557397131338 0.0
1 3 -0.27816164663441356 0.0 -0.1581563337625307 0.0
3 4 0.20458755101391585	0.0 -0.11044388648014904 0.0
1 5 -0.27816164663441356 0.0 -0.15980924579638675 0.0
5 6 0.20672572162651862	0.0 -0.10680004532972273 0.0
1 7 0.27816164663441356	0.0 -0.18183009733571806 0.0
7 8 0.23810084339342294	0.0 -0.19358125011263935 0.0
8 9 0.2534886115793684 0.0 -0.06084953728724338	0.0
9 10 0.06084953728724338 0.0 -0.0497358841624903 0.0
1 11 0.27816164663441356 0.0 -0.18213119432653643 0.0
11 12 0.23849512051534913 0.0 -0.19457862467146736 0.0
12 13 0.2547946424681801 0.0 -0.06066311099943891 0.0
13 14 0.06066311099943891 0.0 -0.04792245297004612 0.0
4 1 0.0 2 0.0 0.0 0.0 0.0 4 1
4 1 0.0 3 0.0 0.0 0.0 0.0 4 2
4 3 0.0 4 0.0 0.0 0.0 0.0 4 3
4 1 0.0 5 0.0 0.0 0.0 0.0 4 4
4 5 0.0 6 0.0 0.0 0.0 0.0 4 5
4 1 0.0 7 0.0 0.0 0.0 0.0 4 6
4 7 0.0 8 0.0 0.0 0.0 0.0 4 7
4 8 0.0 9 0.0 0.0 0.0 0.0 4 8
4 9 0.0 10 0.0 0.0 0.0 0.0 4 9
4 1 0.0 11 0.0 0.0 0.0 0.0 4 10
4 11 0.0 12 0.0 0.0 0.0 0.0 4 11
4 12 0.0 13 0.0 0.0 0.0 0.0 4 12
4 13 0.0 14 0.0 0.0 0.0 0.0 4 13
3 1 1 0.0 0.0 0.0 0.0 0.0 4 14
3 1 2 0.0 0.0 0.0 0.0 0.0 4 15
3 1 3 0.0 0.0 0.0 0.0 0.0 4 16
13 4 1
9 4 2
13 4 3
0 -9.8
2 1
0.000000 0.010000 1.280000