0.00000000000000000 -2.49092155663512482 675.34053351544162069 0.00000000000000000 0.33341195935551377 0.00000000000000000
0.01000000000000000 -2.48168126168510295 675.40491566633113507 0.00000000000000000 0.33333579097809646 0.00000000000000000
0.02000000000000000 -2.45727501944255611 675.23984242097435526 0.00000000000000000 0.33325520167222550 0.00000000000000000
0.03000000000000000 -2.42216465727532926 674.89277623181340005 0.00000000000000000 0.33316464642330956 0.00000000000000000
0.04000000000000000 -2.38457735374313096 674.61979432420571356 0.00000000000000000 0.33305942907736891 0.00000000000000000
0.05000000000000000 -2.33676985570643003 674.63878989175464085 0.00000000000000000 0.33293786054518348 0.00000000000000000
0.06000000000000000 -2.27682452442104344 674.90481972312659309 0.00000000000000000 0.33280279793540879 0.00000000000000000
0.07000000000000001 -2.22065365599701847 675.16466305030542117 0.00000000000000000 0.33265979609953605 0.00000000000000000
0.08000000000000000 -2.16488235931641881 675.19599231994629918 0.00000000000000000 0.33251338102266587 0.00000000000000000
0.09000000000000000 -2.08028504937897196 674.89637213688149586 0.00000000000000000 0.33236550141740473 0.00000000000000000
0.10000000000000001 -1.96474363831484822 674.33586233821984024 0.00000000000000000 0.33221661215702292 0.00000000000000000
0.11000000000000000 -1.85615242558777704 673.78708328212712786 0.00000000000000000 0.33206711851855969 0.00000000000000000
0.12000000000000000 -1.78502243001808858 673.49458767821340643 0.00000000000000000 0.33191780968547346 0.00000000000000000
0.13000000000000000 -1.74571260874504830 673.43299939800613174 0.00000000000000000 0.33176974138550902 0.00000000000000000
0.14000000000000001 -1.70357919544285497 673.47977243054231167 0.00000000000000000 0.33162346983634228 0.00000000000000000
0.14999999999999999 -1.63008779095639511 673.63362221349734682 0.00000000000000000 0.33147859224031967 0.00000000000000000
0.16000000000000000 -1.52660596968776630 673.87698018732123728 0.00000000000000000 0.33133574540053701 0.00000000000000000
0.17000000000000001 -1.40588882776126622 674.08331814779319302 0.00000000000000000 0.33119843583132741 0.00000000000000000
0.17999999999999999 -1.29336827460058457 674.15388674333530616 0.00000000000000000 0.33107151910558563 0.00000000000000000
0.19000000000000000 -1.23127018153752710 674.15827418343542377 0.00000000000000000 0.33095902928020016 0.00000000000000000
0.20000000000000001 -1.22997563638591423 674.30428996275873033 0.00000000000000000 0.33086389520494258 0.00000000000000000
0.20999999999999999 -1.25292257514874028 674.66225748549277341 0.00000000000000000 0.33078805879018380 0.00000000000000000
0.22000000000000000 -1.26904506519651439 675.00349429571087967 0.00000000000000000 0.33073156553993666 0.00000000000000000
0.23000000000000001 -1.27508724951276919 675.10212167261761351 0.00000000000000000 0.33069128773681972 0.00000000000000000
0.23999999999999999 -1.28365156525428015 675.07045483358308502 0.00000000000000000 0.33066154606791592 0.00000000000000000
0.25000000000000000 -1.30940413598085836 675.15157408802349437 0.00000000000000000 0.33063688614128922 0.00000000000000000
0.26000000000000001 -1.33811365837619167 675.32917058500243002 0.00000000000000000 0.33061362666425931 0.00000000000000000
0.27000000000000002 -1.34046798687383362 675.40532710702632357 0.00000000000000000 0.33058925878185141 0.00000000000000000
0.28000000000000003 -1.32156901566896567 675.31142307367269950 0.00000000000000000 0.33056179403048569 0.00000000000000000
0.28999999999999998 -1.29854312329324784 675.17739415728897256 0.00000000000000000 0.33052958791675890 0.00000000000000000
0.29999999999999999 -1.26237554904167371 675.18011015964771104 0.00000000000000000 0.33049278678695443 0.00000000000000000
0.31000000000000000 -1.20988533735674775 675.31294609352414682 0.00000000000000000 0.33045618607399385 0.00000000000000000
0.32000000000000001 -1.16163783311436264 675.36945955972657885 0.00000000000000000 0.33042756914082233 0.00000000000000000
0.33000000000000002 -1.13042823764692568 675.27105406485372896 0.00000000000000000 0.33041067056381440 0.00000000000000000
0.34000000000000002 -1.11815325870518745 675.16436269285441085 0.00000000000000000 0.33040192549056885 0.00000000000000000
0.34999999999999998 -1.11720837978501208 675.09931355870139669 0.00000000000000000 0.33039486428361031 0.00000000000000000
0.35999999999999999 -1.09735316464967303 674.98156173374286482 0.00000000000000000 0.33038541601533378 0.00000000000000000
0.37000000000000000 -1.04771358221788269 674.84558868868703030 0.00000000000000000 0.33037293112388888 0.00000000000000000
0.38000000000000000 -1.00237699848082551 674.79616097937332597 0.00000000000000000 0.33035844952541327 0.00000000000000000
0.39000000000000001 -0.98255386067720252 674.79490753942627634 0.00000000000000000 0.33034290169846536 0.00000000000000000
0.40000000000000002 -0.97528605672604740 674.76419002355805787 0.00000000000000000 0.33032632437861692 0.00000000000000000
0.40999999999999998 -0.97163816884182130 674.72624054180550957 0.00000000000000000 0.33030842722044806 0.00000000000000000
0.41999999999999998 -0.96899482372799228 674.73451388817397856 0.00000000000000000 0.33028993149971780 0.00000000000000000
0.42999999999999999 -0.95939703907561280 674.79622296791228564 0.00000000000000000 0.33027302764976801 0.00000000000000000
0.44000000000000000 -0.94826113968970405 674.88967018558730615 0.00000000000000000 0.33026051202561713 0.00000000000000000
0.45000000000000001 -0.95439966815451505 674.98118009998722755 0.00000000000000000 0.33025540078495641 0.00000000000000000
0.46000000000000002 -0.97219670441212835 675.02997799402828605 0.00000000000000000 0.33026065927629833 0.00000000000000000
0.46999999999999997 -0.97992560737049406 675.03216318257238981 0.00000000000000000 0.33027719353801871 0.00000000000000000
0.47999999999999998 -0.99414724327035375 675.01298359326960963 0.00000000000000000 0.33030268721869172 0.00000000000000000
0.48999999999999999 -1.04253492915066381 674.95514479305666100 0.00000000000000000 0.33033350466391243 0.00000000000000000
0.50000000000000000 -1.10504412614538872 674.79718711978307510 0.00000000000000000 0.33036648981288841 0.00000000000000000
0.51000000000000001 -1.15395170016783077 674.54547966977884244 0.00000000000000000 0.33039850469039567 0.00000000000000000
0.52000000000000002 -1.19359828582031424 674.36399281348610657 0.00000000000000000 0.33042542373862871 0.00000000000000000
0.53000000000000003 -1.21724499948705289 674.46343920514846104 0.00000000000000000 0.33044331415028694 0.00000000000000000
0.54000000000000004 -1.20481507577524183 674.85864034087171603 0.00000000000000000 0.33045202961637887 0.00000000000000000
0.55000000000000004 -1.17413164603269982 675.30636436917529863 0.00000000000000000 0.33045678822238816 0.00000000000000000
0.56000000000000005 -1.15234453456352304 675.57902264697838746 0.00000000000000000 0.33046440190137000 0.00000000000000000
0.56999999999999995 -1.11997822851807660 675.68470476528000290 0.00000000000000000 0.33047824842111195 0.00000000000000000
0.57999999999999996 -1.05026018759308593 675.74035164980875834 0.00000000000000000 0.33049771657536309 0.00000000000000000
0.58999999999999997 -0.96879351968407246 675.82718390033642208 0.00000000000000000 0.33052133433728664 0.00000000000000000
0.59999999999999998 -0.92838006334848300 675.92693839217383811 0.00000000000000000 0.33054973444273644 0.00000000000000000
0.60999999999999999 -0.94303376092488755 675.90362080001273171 0.00000000000000000 0.33058611350950501 0.00000000000000000
0.62000000000000000 -0.97575162865588083 675.68457600546139474 0.00000000000000000 0.33063418561043501 0.00000000000000000
0.63000000000000000 -0.98683948036034341 675.35087066035589487 0.00000000000000000 0.33069675174314861 0.00000000000000000
0.64000000000000001 -0.97351889479897835 674.99859309979240152 0.00000000000000000 0.33077662299086180 0.00000000000000000
0.65000000000000002 -0.96147799194014461 674.72022665407689601 0.00000000000000000 0.33087748381644466 0.00000000000000000
0.66000000000000003 -0.97254624274530332 674.61845686972037583 0.00000000000000000 0.33100228053822134 0.00000000000000000
0.67000000000000004 -1.00862284958578541 674.68089007908952226 0.00000000000000000 0.33115043400670718 0.00000000000000000
0.68000000000000005 -1.05821244462199093 674.80330449575490093 0.00000000000000000 0.33131747220102570 0.00000000000000000
0.68999999999999995 -1.10863646732909316 674.90498073001219836 0.00000000000000000 0.33149853513307692 0.00000000000000000
0.69999999999999996 -1.16299468847231235 674.89019183970935956 0.00000000000000000 0.33169276996239994 0.00000000000000000
0.70999999999999996 -1.24121917045561792 674.66912375637241439 0.00000000000000000 0.33190340319318229 0.00000000000000000
0.71999999999999997 -1.35306468558179938 674.28220627179678104 0.00000000000000000 0.33213315009818495 0.00000000000000000
0.72999999999999998 -1.48564266561957337 673.91188896173673584 0.00000000000000000 0.33238063281833613 0.00000000000000000
0.73999999999999999 -1.62267836197366910 673.73700421484716117 0.00000000000000000 0.33264121147232784 0.00000000000000000
0.75000000000000000 -1.76184748388146373 673.75431503522668208 0.00000000000000000 0.33290993617948433 0.00000000000000000
0.76000000000000001 -1.89699467632228136 673.84012735213741507 0.00000000000000000 0.33318257200672069 0.00000000000000000
0.77000000000000002 -2.00944004076562255 673.95636181072063664 0.00000000000000000 0.33345395995155069 0.00000000000000000
0.78000000000000003 -2.10509060025903771 674.12438030434975644 0.00000000000000000 0.33371696343918150 0.00000000000000000
0.79000000000000004 -2.20816029725875929 674.28585114245561272 0.00000000000000000 0.33396426603015206 0.00000000000000000
0.80000000000000004 -2.30691189981849964 674.35551006805394536 0.00000000000000000 0.33419063274792615 0.00000000000000000
0.81000000000000005 -2.37139513333188479 674.36349766743694545 0.00000000000000000 0.33439294661225949 0.00000000000000000
0.81999999999999995 -2.40887414340702977 674.44436283471679872 0.00000000000000000 0.33456970533278285 0.00000000000000000
0.82999999999999996 -2.44029920490516350 674.68464112476567607 0.00000000000000000 0.33472166479024956 0.00000000000000000
0.83999999999999997 -2.45756939716051992 674.97657834965718848 0.00000000000000000 0.33485249358388658 0.00000000000000000
0.84999999999999998 -2.45247716623905943 675.12326310684534292 0.00000000000000000 0.33496774131059875 0.00000000000000000
0.85999999999999999 -2.45581620251474453 675.15352620760904756 0.00000000000000000 0.33507278387272915 0.00000000000000000
0.87000000000000000 -2.50728376993278790 675.24373300791125985 0.00000000000000000 0.33517229979933161 0.00000000000000000
0.88000000000000000 -2.59991374512005180 675.39875422637385327 0.00000000000000000 0.33527013172061731 0.00000000000000000
0.89000000000000001 -2.69566022548054818 675.55337697357822435 0.00000000000000000 0.33536843640420094 0.00000000000000000
0.90000000000000002 -2.78465036119600118 675.72488894011382854 0.00000000000000000 0.33546791759021932 0.00000000000000000
0.91000000000000003 -2.88461691790816976 675.88672126433573339 0.00000000000000000 0.33556816156987329 0.00000000000000000
0.92000000000000004 -2.99638601296462159 675.95736764655362094 0.00000000000000000 0.33566730172632464 0.00000000000000000
0.93000000000000005 -3.10531214762427954 675.91909681288962020 0.00000000000000000 0.33576210035953113 0.00000000000000000
0.93999999999999995 -3.20840969972666112 675.79296285229906971 0.00000000000000000 0.33584871715022702 0.00000000000000000
0.94999999999999996 -3.30121518336453423 675.61465945734880734 0.00000000000000000 0.33592364137063097 0.00000000000000000
0.95999999999999996 -3.36742999140225585 675.47777861416147971 0.00000000000000000 0.33598370791342935 0.00000000000000000
0.96999999999999997 -3.40035932351521275 675.38627387245742284 0.00000000000000000 0.33602568401900168 0.00000000000000000
0.97999999999999998 -3.40103055620379946 675.21680761300228824 0.00000000000000000 0.33604652436851346 0.00000000000000000
0.98999999999999999 -3.35958874617977088 674.99835521769614388 0.00000000000000000 0.33604458875594045 0.00000000000000000
1.00000000000000000 -3.26915364521029117 674.88680005686023833 0.00000000000000000 0.33602166925186888 0.00000000000000000
1.01000000000000001 -3.14289802505990012 674.87584572849232245 0.00000000000000000 0.33598334734360724 0.00000000000000000
1.02000000000000002 -2.99887623102279566 674.86744862432567515 0.00000000000000000 0.33593628051869273 0.00000000000000000
1.03000000000000003 -2.84765685988055672 674.86402126569373650 0.00000000000000000 0.33588603786425736 0.00000000000000000
1.04000000000000004 -2.70033520206750399 674.89896104175932123 0.00000000000000000 0.33583740583296573 0.00000000000000000
1.05000000000000004 -2.57548282257837791 674.97394951098669935 0.00000000000000000 0.33579427036393544 0.00000000000000000
1.06000000000000005 -2.47916109216496228 675.13217854589697708 0.00000000000000000 0.33575884222489899 0.00000000000000000
1.07000000000000006 -2.38795248715381048 675.39737901767750827 0.00000000000000000 0.33573232739857067 0.00000000000000000
1.08000000000000007 -2.29793030112062313 675.61198769662280483 0.00000000000000000 0.33571562278830142 0.00000000000000000
1.09000000000000008 -2.24080305162135129 675.54931648791875887 0.00000000000000000 0.33570859342241210 0.00000000000000000
1.10000000000000009 -2.21843078014381057 675.24464049173639069 0.00000000000000000 0.33570931312405805 0.00000000000000000
1.11000000000000010 -2.20497170119823727 674.95916320056960558 0.00000000000000000 0.33571443289491654 0.00000000000000000
1.12000000000000011 -2.19641605295556230 674.79424221797307837 0.00000000000000000 0.33572064178130379 0.00000000000000000
1.12999999999999989 -2.19546998406012639 674.65321259066502080 0.00000000000000000 0.33572586113863795 0.00000000000000000
1.13999999999999990 -2.18209508135968910 674.51778833322418905 0.00000000000000000 0.33572894768895839 0.00000000000000000
1.14999999999999991 -2.13719541649624611 674.50459394962058468 0.00000000000000000 0.33572907462043822 0.00000000000000000
1.15999999999999992 -2.07833187816156650 674.70596349723257390 0.00000000000000000 0.33572610571856637 0.00000000000000000
1.16999999999999993 -2.03199554119381487 675.07597917560178757 0.00000000000000000 0.33572160782686089 0.00000000000000000
1.17999999999999994 -1.99367591671222089 675.45258417496359016 0.00000000000000000 0.33571980112673949 0.00000000000000000
1.18999999999999995 -1.95711646805953032 675.66136143769062983 0.00000000000000000 0.33572670913720615 0.00000000000000000
1.19999999999999996 -1.94333847468532439 675.61761435910284490 0.00000000000000000 0.33574683302670466 0.00000000000000000
1.20999999999999996 -1.97131147710903210 675.38928219287640786 0.00000000000000000 0.33578070055290382 0.00000000000000000
1.21999999999999997 -2.03253834315658599 675.19151347396530127 0.00000000000000000 0.33582601522654587 0.00000000000000000
1.22999999999999998 -2.11225598833953310 675.22195941492907423 0.00000000000000000 0.33588077080946843 0.00000000000000000
1.23999999999999999 -2.20975522289845205 675.42015520113568527 0.00000000000000000 0.33594445192631922 0.00000000000000000
1.25000000000000000 -2.31838386429836607 675.52450490243393233 0.00000000000000000 0.33601639584699966 0.00000000000000000
1.26000000000000001 -2.41253427536089449 675.40073923982731685 0.00000000000000000 0.33609457081153360 0.00000000000000000
1.27000000000000002 -2.47357093248152093 675.14301554912140091 0.00000000000000000 0.33617628198673799 0.00000000000000000
1.28000000000000003 -2.50976974037329104 674.87064633077739018 0.00000000000000000 0.33625943219725118 0.00000000000000000
