0.0 0.6113594147140615
0.01 0.611411793482489
0.02 0.6114611809605046
0.03 0.6115046553378951
0.04 0.6115376750731443
0.05 0.6115564126093558
0.06 0.611558903137122
0.07 0.6115437296397914
0.08 0.6115087661292131
0.09 0.6114518713750323
0.1 0.6113726037334208
0.11 0.611273340167175
0.12 0.6111597864769678
0.13 0.6110403551499424
0.14 0.610923193962102
0.15 0.6108133218281857
0.16 0.6107130013767321
0.17 0.610623698380123
0.18 0.6105464861862195
0.19 0.6104812705671065
0.2 0.610426521662446
0.21 0.6103794678872365
0.22 0.6103367814568639
0.23 0.6102956809532074
0.24 0.6102542207607282
0.25 0.6102110711742865
0.26 0.6101660671915807
0.27 0.6101206980294123
0.28 0.6100775001953993
0.29 0.6100389637560077
0.3 0.6100065690272398
0.31 0.6099796769379751
0.32 0.6099547896439717
0.33 0.6099268127506265
0.34 0.6098914255821448
0.35 0.6098457983196974
0.36 0.6097877143188732
0.37 0.609715538018933
0.38 0.6096296424840748
0.39 0.6095330903958036
0.4 0.6094305025739422
0.41 0.6093269340027092
0.42 0.609227911306677
0.43 0.6091390418969365
0.44 0.6090643461158969
0.45 0.6090053680815721
0.46 0.6089621812946708
0.47 0.6089346081414924
0.48 0.6089223563250403
0.49 0.6089247645677638
0.5 0.6089406187948105
0.51 0.6089680351031301
0.52 0.609005395669171
0.53 0.6090529202205781
0.54 0.6091126720707205
0.55 0.6091866878151055
0.56 0.6092748719405048
0.57 0.6093736812876118
0.58 0.6094762774677323
0.59 0.6095746473672286
0.6 0.6096619952380085
0.61 0.6097337924727437
0.62 0.6097882596738238
0.63 0.6098264208286999
0.64 0.6098513047822607
0.65 0.6098672265878013
0.66 0.6098798401901933
0.67 0.6098958695315382
0.68 0.6099212547587598
0.69 0.6099589183288021
0.7 0.6100082657038977
0.71 0.6100661250622883
0.72 0.6101274803815295
0.73 0.6101862545136738
0.74 0.6102371001370024
0.75 0.6102772074460727
0.76 0.6103066965943063
0.77 0.6103277249181502
0.78 0.6103440302809124
0.79 0.6103613247562247
0.8 0.6103866629922718
0.81 0.610426775493532
0.82 0.6104871109875267
0.83 0.6105717098307544
0.84 0.6106833660485371
0.85 0.6108231757967513
0.86 0.6109888095229197
0.87 0.6111738012881807
0.88 0.6113691831133892
0.89 0.6115651313963406
0.9 0.6117517632726406
0.91 0.6119207619509961
0.92 0.6120675887695022
0.93 0.6121911859813558
0.94 0.6122905915450447
0.95 0.6123628013013125
0.96 0.6124048903534192
0.97 0.6124175572496666
0.98 0.6124055560542088
0.99 0.6123753161326171
1.0 0.6123336049675139
1.01 0.6122877407597018
1.02 0.6122449235013505
1.03 0.6122100898882543
1.04 0.6121846269541367
1.05 0.6121678869153167
1.06 0.6121591434016178
1.07 0.6121576575165708
1.08 0.6121624584699301
1.09 0.6121728272570603
1.1 0.6121882765944013
1.11 0.6122078177768104
1.12 0.6122299627636361
1.13 0.6122542232897734
1.14 0.6122821477729348
1.15 0.6123159197876653
1.16 0.6123563023502268
1.17 0.6124020420260674
1.18 0.6124499284305047
1.19 0.6124949833798805
1.2 0.6125312837282753
1.21 0.6125531304832137
1.22 0.6125560743548562
1.23 0.6125378445126364
1.24 0.6124991332865415
1.25 0.6124431223290152
1.26 0.6123736640399811
1.27 0.6122944802112231
1.28 0.6122100180106731
