0.0 0.2358816583202188
0.01 0.23601679469038395
0.02 0.23613638333184905
0.03 0.23623581208566158
0.04 0.23631359266670593
0.05 0.23637100449741322
0.06 0.2364115029666145
0.07 0.23643920730723966
0.08 0.2364574839056104
0.09 0.2364689291131361
0.1 0.23647580224231923
0.11 0.23647962474119932
0.12 0.23648069105424874
0.13 0.23647884653107987
0.14 0.23647475310939203
0.15 0.23647002741083245
0.16 0.23646653792796712
0.17 0.23646555861306684
0.18 0.23646697605527756
0.19 0.23646953383347924
0.2 0.23647198630592836
0.21 0.23647367197233304
0.22 0.23647427826946021
0.23 0.23647322131806803
0.24 0.2364692428802897
0.25 0.23646096528215743
0.26 0.23644771035033507
0.27 0.23642960743260133
0.28 0.23640753451842578
0.29 0.2363834423894895
0.3 0.23636014014222262
0.31 0.23634010073742573
0.32 0.23632452367663426
0.33 0.23631346771146422
0.34 0.2363065342614279
0.35 0.23630321287675748
0.36 0.23630283148606868
0.37 0.23630472542499348
0.38 0.23630836079791706
0.39 0.2363130751465592
0.4 0.23631804414854862
0.41 0.23632271458770582
0.42 0.23632720742257707
0.43 0.23633233158208888
0.44 0.23633911140050046
0.45 0.23634790757901758
0.46 0.2363577221324178
0.47 0.23636628732428022
0.48 0.23637092652241876
0.49 0.23636964535856553
0.5 0.23636165370445994
0.51 0.23634725184930172
0.52 0.23632760500875527
0.53 0.23630441601847618
0.54 0.23627954563174125
0.55 0.23625479804221516
0.56 0.23623194316853446
0.57 0.23621310284721897
0.58 0.23620062465065494
0.59 0.23619588687626436
0.6 0.23619869315114794
0.61 0.23620803782720667
0.62 0.2362229577617594
0.63 0.23624294074574426
0.64 0.23626821170054502
0.65 0.23629970085486462
0.66 0.23633826072646524
0.67 0.23638329472764674
0.68 0.23643210564942585
0.69 0.23648100112927306
0.7 0.23652683141410424
0.71 0.23656739508827407
0.72 0.23660115378073243
0.73 0.2366270675973272
0.74 0.23664485029321014
0.75 0.23665519844684102
0.76 0.2366593452557213
0.77 0.2366584471770521
0.78 0.23665327449635232
0.79 0.23664416679192612
0.8 0.2366314179156488
0.81 0.2366155450486449
0.82 0.2365970237443591
0.83 0.23657627990803753
0.84 0.23655402672575931
0.85 0.23653124462194697
0.86 0.23650905700977543
0.87 0.23648869558154573
0.88 0.2364711332512348
0.89 0.2364567587526345
0.9 0.2364453760405052
0.91 0.23643605352885455
0.92 0.23642732609867423
0.93 0.23641826690960333
0.94 0.23640911083045246
0.95 0.2364005239530016
0.96 0.23639259485516284
0.97 0.23638455921756485
0.98 0.23637522588867022
0.99 0.2363637678651802
1.0 0.23635037073883325
1.01 0.23633641809854833
1.02 0.2363244095115551
1.03 0.2363173571482191
1.04 0.23631742491088215
1.05 0.23632495522540165
1.06 0.23633889384252882
1.07 0.2363579749378939
1.08 0.23638134068051553
1.09 0.23640834478656458
1.1 0.23643826779629595
1.11 0.23646990119291011
1.12 0.23650113570048514
1.13 0.23652939520468141
1.14 0.23655266962091748
1.15 0.23657044865510013
1.16 0.2365841525784127
1.17 0.23659652643881213
1.18 0.23661033133917186
1.19 0.23662755613603625
1.2 0.236649374653239
1.21 0.2366761675833926
1.22 0.23670769140550085
1.23 0.2367436171609194
1.24 0.23678369561178503
1.25 0.2368272252440793
1.26 0.2368728316719979
1.27 0.23691891404858456
1.28 0.23696397590547313
