0.0 0.5896528788640616
0.01 0.5896454188024416
0.02 0.589627347378749
0.03 0.5895911725759264
0.04 0.5895372947328923
0.05 0.5894713811705934
0.06 0.5894001590882807
0.07 0.5893276592686609
0.08 0.5892544914782656
0.09 0.589180582214917
0.1 0.5891081025908163
0.11 0.5890419069617163
0.12 0.5889886668458253
0.13 0.5889565205964251
0.14 0.5889538101823728
0.15 0.5889856169685572
0.16 0.5890507879843181
0.17 0.5891419296146871
0.18 0.5892477677599723
0.19 0.5893566000716852
0.2 0.5894593014531431
0.21 0.5895504707562678
0.22 0.589627558414108
0.23 0.589689106506663
0.24 0.5897341776644742
0.25 0.5897633587343618
0.26 0.5897794557584657
0.27 0.5897875648644098
0.28 0.589795907034949
0.29 0.5898160567963728
0.3 0.5898601867070159
0.31 0.589937094701253
0.32 0.5900500888053628
0.33 0.5901962762606967
0.34 0.5903652742087981
0.35 0.5905402225601657
0.36 0.5907044427872847
0.37 0.5908471378488729
0.38 0.5909617924912416
0.39 0.5910430233675763
0.4 0.591088159310293
0.41 0.5910999683368132
0.42 0.5910850564847161
0.43 0.5910507979085793
0.44 0.5910056654612807
0.45 0.5909599882227017
0.46 0.5909235121358245
0.47 0.5909024744583151
0.48 0.590899307734075
0.49 0.5909138113256063
0.5 0.5909434571133696
0.51 0.5909833696828235
0.52 0.5910276922192743
0.53 0.5910718350070869
0.54 0.5911139247159296
0.55 0.5911542269362888
0.56 0.5911926215847902
0.57 0.5912270437039622
0.58 0.5912549429746381
0.59 0.5912757509155444
0.6 0.5912914748460825
0.61 0.5913043591370739
0.62 0.5913149799847579
0.63 0.5913235100920486
0.64 0.5913303099854854
0.65 0.5913346466503882
0.66 0.5913349240678443
0.67 0.5913303643530883
0.68 0.591321893845393
0.69 0.5913109150778126
0.7 0.5912966912505428
0.71 0.5912754579745023
0.72 0.5912428862112291
0.73 0.5911974175936852
0.74 0.591141412958212
0.75 0.5910799892214031
0.76 0.5910191876231927
0.77 0.5909642603688052
0.78 0.5909184108471228
0.79 0.5908829233241457
0.8 0.5908584676917998
0.81 0.5908466350310952
0.82 0.590850906299127
0.83 0.5908759069317577
0.84 0.5909255116427659
0.85 0.5910016355155481
0.86 0.5911038058848472
0.87 0.5912280702592199
0.88 0.5913650567920001
0.89 0.5915005992463325
0.9 0.5916215275070567
0.91 0.5917215977872265
0.92 0.5918015035887221
0.93 0.5918648697329045
0.94 0.5919149438867333
0.95 0.5919540633248221
0.96 0.5919849266234349
0.97 0.5920106758012684
0.98 0.5920334130802436
0.99 0.5920531783120069
1.0 0.5920679717688184
1.01 0.5920748861894181
1.02 0.592072282966754
1.03 0.5920609285953757
1.04 0.5920423662158765
1.05 0.5920169023141426
1.06 0.5919841972366706
1.07 0.5919448264834548
1.08 0.5918997376225699
1.09 0.5918484152479238
1.1 0.5917885406901462
1.11 0.5917175394493697
1.12 0.5916339136040323
1.13 0.5915370229931174
1.14 0.5914266531275061
1.15 0.5913037998882889
1.16 0.5911721513666768
1.17 0.5910388243843583
1.18 0.5909128998173117
1.19 0.5908023350138363
1.2 0.5907124740641008
1.21 0.5906468131569138
1.22 0.5906064915501119
1.23 0.5905883130748135
1.24 0.5905852676388568
1.25 0.5905900245738431
1.26 0.5905980800179265
1.27 0.5906078970317878
1.28 0.5906187848956916
