0.0 -0.009860784391301003
0.01 -0.009832745510117924
0.02 -0.00979770754236764
0.03 -0.009752689822635219
0.04 -0.009695907967157247
0.05 -0.009626707917503197
0.06 -0.0095458552889216
0.07 -0.00945573381561271
0.08 -0.009359397269496306
0.09 -0.009259532898434841
0.1 -0.009158802846986447
0.11 -0.009060445194760014
0.12 -0.008967770677466014
0.13 -0.008883343774999553
0.14 -0.008808926529615846
0.15 -0.008745680540647172
0.16 -0.008694091417502214
0.17 -0.008654096539178369
0.18 -0.008625488228937606
0.19 -0.008608080836966181
0.2 -0.008601402160173244
0.21 -0.008604244564559771
0.22 -0.008614665927909826
0.23 -0.008630416887511316
0.24 -0.008649505999791529
0.25 -0.008670661936807988
0.26 -0.00869315194359821
0.27 -0.008716166774961565
0.28 -0.008738543330750304
0.29 -0.008758827283212867
0.3 -0.00877546846517685
0.31 -0.008787387498800037
0.32 -0.008794690367897928
0.33 -0.008798510045162189
0.34 -0.008799912373467222
0.35 -0.008799064697874392
0.36 -0.008795362268010365
0.37 -0.008788020961994825
0.38 -0.008776292234006888
0.39 -0.008759479825949157
0.4 -0.008737150306665775
0.41 -0.008709168117412958
0.42 -0.008675656582023628
0.43 -0.008637022502941072
0.44 -0.008593814543354839
0.45 -0.008546857162753163
0.46 -0.008497832684011719
0.47 -0.008449407834230094
0.48 -0.00840444833838383
0.49 -0.008365113204447994
0.5 -0.008332384772303136
0.51 -0.008305906628574888
0.52 -0.008284230671740112
0.53 -0.008265374555993965
0.54 -0.008247337763712004
0.55 -0.008228353953808387
0.56 -0.008206632705165973
0.57 -0.008180087660279334
0.58 -0.008146783165419613
0.59 -0.008105588550611387
0.6 -0.008056286103078847
0.61 -0.007999317638016201
0.62 -0.007935501687622804
0.63 -0.007865745541862701
0.64 -0.007790970889870685
0.65 -0.007712299235921094
0.66 -0.0076311697138784496
0.67 -0.007549167536919477
0.68 -0.007467493555100901
0.69 -0.007386740903750244
0.7 -0.00730771982648637
0.71 -0.007232363954803311
0.72 -0.007163424806445384
0.73 -0.007103569808061039
0.74 -0.0070549080224093785
0.75 -0.007018701123204352
0.76 -0.006995204619136608
0.77 -0.006984087170773812
0.78 -0.0069847895852479525
0.79 -0.006996170339060193
0.8 -0.007016316818009294
0.81 -0.007042959678122074
0.82 -0.007073648338633554
0.83 -0.007105518411035128
0.84 -0.007135189424570143
0.85 -0.00715902227313947
0.86 -0.007173715315640372
0.87 -0.007176943038794015
0.88 -0.007167621651653633
0.89 -0.007145745659870251
0.9 -0.0071118013378903555
0.91 -0.00706600619792308
0.92 -0.007008205695735903
0.93 -0.006938774107680956
0.94 -0.006859691725602524
0.95 -0.006774332779478698
0.96 -0.0066859613286345265
0.97 -0.006596789339567977
0.98 -0.006508130046594118
0.99 -0.006420734305260467
1.0 -0.006335277924929272
1.01 -0.006252964624040125
1.02 -0.006175495582823487
1.03 -0.006104423483209054
1.04 -0.0060403096639323195
1.05 -0.005982054834660744
1.06 -0.005927365713767507
1.07 -0.005874202010561547
1.08 -0.0058216219694955385
1.09 -0.005769639485803779
1.1 -0.005718993399111305
1.11 -0.005671072982658565
1.12 -0.005627492242521015
1.13 -0.005589423263326232
1.14 -0.005557473952170433
1.15 -0.005532176925012955
1.16 -0.0055142138095343185
1.17 -0.005503837094994246
1.18 -0.005500347073854606
1.19 -0.005502673388122048
1.2 -0.005510138968698897
1.21 -0.005522266047128355
1.22 -0.005538294340101224
1.23 -0.005557049722078489
1.24 -0.005577167494420721
1.25 -0.005597639812970456
1.26 -0.00561811910243204
1.27 -0.005638527461102605
1.28 -0.005658349650349059
