0.0 0.3405621952303264
0.01 0.34056937272635235
0.02 0.3405801251510896
0.03 0.34059463612460217
0.04 0.3406130629214541
0.05 0.3406355912670893
0.06 0.3406624060913357
0.07 0.3406936475705411
0.08 0.3407292860708475
0.09 0.3407689608551623
0.1 0.3408119508398517
0.11 0.3408572211957184
0.12 0.3409035022084961
0.13 0.3409495287082054
0.14 0.3409943136193947
0.15 0.34103712337104586
0.16 0.34107721653453194
0.17 0.3411137377722948
0.18 0.34114591654360193
0.19 0.3411733522036151
0.2 0.341196077252798
0.21 0.3412143242673924
0.22 0.3412282872727763
0.23 0.3412381644020934
0.24 0.3412443761423738
0.25 0.34124770288106365
0.26 0.34124921434875954
0.27 0.34125005316253887
0.28 0.34125125835853964
0.29 0.34125367322151234
0.3 0.34125787367577587
0.31 0.34126416622477773
0.32 0.34127269522621173
0.33 0.34128355146178446
0.34 0.3412967421827817
0.35 0.341311997521613
0.36 0.3413286852009776
0.37 0.3413460540575821
0.38 0.3413634974140294
0.39 0.34138049309842344
0.4 0.34139633370922784
0.41 0.341410057312606
0.42 0.341420719020217
0.43 0.34142766269678226
0.44 0.3414306159944829
0.45 0.3414296522692055
0.46 0.3414250143014623
0.47 0.341416977583183
0.48 0.34140585732962236
0.49 0.3413920066502927
0.5 0.34137577554503107
0.51 0.34135745134739803
0.52 0.3413371848426374
0.53 0.34131507189344035
0.54 0.3412913505287847
0.55 0.3412664371893568
0.56 0.3412407398774713
0.57 0.34121440732158437
0.58 0.34118733281981584
0.59 0.3411595079059717
0.6 0.34113131031653854
0.61 0.34110341621423235
0.62 0.34107652814582146
0.63 0.3410512799656136
0.64 0.3410283750847283
0.65 0.34100866425715193
0.66 0.3409930589327361
0.67 0.3409824147835945
0.68 0.3409773397809781
0.69 0.340977901963627
0.7 0.340983474358568
0.71 0.3409928896459782
0.72 0.3410047413035038
0.73 0.3410176269249492
0.74 0.341030370609646
0.75 0.34104219966178295
0.76 0.34105268941070666
0.77 0.3410615247158493
0.78 0.3410683616929546
0.79 0.3410729283959135
0.8 0.34107518147675364
0.81 0.3410751786977544
0.82 0.34107275255196345
0.83 0.3410674997054608
0.84 0.34105909603924367
0.85 0.34104747387953527
0.86 0.34103282005049795
0.87 0.34101560146586163
0.88 0.3409965323361259
0.89 0.3409763708232001
0.9 0.3409557883812626
0.91 0.34093552525192994
0.92 0.3409164334985748
0.93 0.3408991612882817
0.94 0.3408840048861421
0.95 0.34087122779804346
0.96 0.3408614151324816
0.97 0.34085533977084204
0.98 0.34085347725852966
0.99 0.34085576050359023
1.0 0.3408617261323945
1.01 0.34087083577770905
1.02 0.340882779242909
1.03 0.3408975747041305
1.04 0.34091543944227265
1.05 0.3409366296295886
1.06 0.3409613742889901
1.07 0.34098971528814737
1.08 0.34102120136961034
1.09 0.3410548591593212
1.1 0.34108952883858823
1.11 0.34112413168418243
1.12 0.34115778787574236
1.13 0.34118989322670945
1.14 0.3412200549137001
1.15 0.3412478707025688
1.16 0.34127278034213315
1.17 0.3412942885113113
1.18 0.34131239159121396
1.19 0.3413276892594608
1.2 0.34134114928541504
1.21 0.34135379751727246
1.22 0.3413663359783481
1.23 0.3413788640310864
1.24 0.34139100806474776
1.25 0.3414022382119102
1.26 0.3414120957458646
1.27 0.34142040079787783
1.28 0.3414274132417221
