0.0 1.3307197708767342
0.01 1.3306660177426393
0.02 1.3306181398833212
0.03 1.3305788256590452
0.04 1.3305495371485634
0.05 1.3305307150261285
0.06 1.330522351277617
0.07 1.3305241661084573
0.08 1.3305353422828698
0.09 1.3305544956744502
0.1 1.3305800658881557
0.11 1.3306106940188407
0.12 1.330645311540426
0.13 1.330683037263519
0.14 1.3307230124740963
0.15 1.330764255066284
0.16 1.3308055795473646
0.17 1.3308457071701714
0.18 1.3308836710498717
0.19 1.3309191664065665
0.2 1.3309525543223222
0.21 1.3309846348510446
0.22 1.3310163364867291
0.23 1.3310485399252467
0.24 1.331082044938765
0.25 1.3311174028856128
0.26 1.331154589222776
0.27 1.331192778971583
0.28 1.3312304183588344
0.29 1.3312655809681848
0.3 1.3312966100502006
0.31 1.331322812726027
0.32 1.3313447080368883
0.33 1.331363657372754
0.34 1.3313810282403225
0.35 1.3313974976053986
0.36 1.3314130630626098
0.37 1.3314274953514271
0.38 1.3314408554324837
0.39 1.3314538939000506
0.4 1.3314679613633889
0.41 1.3314844116595506
0.42 1.3315041247075987
0.43 1.331527517130219
0.44 1.3315547871541176
0.45 1.3315861208824016
0.46 1.3316217419250966
0.47 1.3316617561106447
0.48 1.3317059077717532
0.49 1.3317533928932548
0.5 1.331802764008839
0.51 1.3318522042512626
0.52 1.3319003036192933
0.53 1.3319465680141755
0.54 1.3319910311587844
0.55 1.332033557046974
0.56 1.3320736034005591
0.57 1.3321103990786947
0.58 1.332143251238616
0.59 1.332171778330859
0.6 1.3321959033867152
0.61 1.332215786433153
0.62 1.332231820927377
0.63 1.3322445539325924
0.64 1.332254406694033
0.65 1.3322612461983034
0.66 1.3322643056680272
0.67 1.3322628154367067
0.68 1.3322568108187092
0.69 1.3322473581907328
0.7 1.3322361993275047
0.71 1.3322253479260118
0.72 1.3322169596109141
0.73 1.3322132060865002
0.74 1.3322157415195885
0.75 1.3322252506063412
0.76 1.3322415959775453
0.77 1.3322640362662979
0.78 1.3322913413821311
0.79 1.3323221968383674
0.8 1.3323556090640265
0.81 1.3323908276903405
0.82 1.332427196288128
0.83 1.3324645492683116
0.84 1.3325035485171286
0.85 1.332545106389384
0.86 1.3325895292571088
0.87 1.3326365325256804
0.88 1.332686024685474
0.89 1.3327385109589054
0.9 1.3327947449849384
0.91 1.3328553232281095
0.92 1.3329203980856326
0.93 1.3329894373576945
0.94 1.3330613435271816
0.95 1.3331346680832947
0.96 1.3332076257072103
0.97 1.3332782955910005
0.98 1.3333448113159303
0.99 1.3334052501018547
1.0 1.333457817477247
1.01 1.3335012307642806
1.02 1.3335346823122087
1.03 1.3335577664637785
1.04 1.33357065058311
1.05 1.3335739674896399
1.06 1.3335684290801266
1.07 1.3335546841465664
1.08 1.333533478177225
1.09 1.3335058284151478
1.1 1.3334730597030573
1.11 1.333436884392933
1.12 1.3333996950042035
1.13 1.3333647137605915
1.14 1.3333355311136517
1.15 1.3333152615307844
1.16 1.333306066015541
1.17 1.3333092089963232
1.18 1.3333251049430404
1.19 1.3333530955957666
1.2 1.3333912535024464
1.21 1.3334366125760928
1.22 1.333486024686044
1.23 1.3335370682989867
1.24 1.3335880833125993
1.25 1.3336377347846593
1.26 1.3336849920478846
1.27 1.333729151894956
1.28 1.3337696099935217
