0.0 -0.047576283659965135
0.01 -0.047659476580427906
0.02 -0.047744049189272
0.03 -0.04783299472649638
0.04 -0.04792846188058775
0.05 -0.04803186359172962
0.06 -0.04814431394839236
0.07 -0.04826621063234171
0.08 -0.04839677881239002
0.09 -0.04853453021961407
0.1 -0.048677995470528757
0.11 -0.04882591717420581
0.12 -0.04897696126285833
0.13 -0.04912970716179199
0.14 -0.04928287021268041
0.15 -0.049435051587970236
0.16 -0.04958427621524386
0.17 -0.04972805731442875
0.18 -0.04986405823927775
0.19 -0.04999093212035621
0.2 -0.050108895490779126
0.21 -0.050219483279965615
0.22 -0.0503244927018347
0.23 -0.05042506561978133
0.24 -0.05052154816967125
0.25 -0.05061386464244588
0.26 -0.050701710141321854
0.27 -0.05078432979410241
0.28 -0.05086045182101362
0.29 -0.05092861323374098
0.3 -0.05098778612804278
0.31 -0.0510380838405311
0.32 -0.05108083018217968
0.33 -0.05111790726281473
0.34 -0.05115088984607574
0.35 -0.05118040294768722
0.36 -0.05120628787850112
0.37 -0.05122853611002487
0.38 -0.05124813412071205
0.39 -0.05126704808421145
0.4 -0.05128727687033674
0.41 -0.05130981132676382
0.42 -0.05133449831761894
0.43 -0.051360844846397136
0.44 -0.051388809855973605
0.45 -0.05141867374413511
0.46 -0.05145015165118494
0.47 -0.051481739257178916
0.48 -0.05151089975170642
0.49 -0.051534683372439716
0.5 -0.051550175792331565
0.51 -0.051555072258317125
0.52 -0.051548572314665364
0.53 -0.05153171286413283
0.54 -0.05150645610561444
0.55 -0.051474490337838574
0.56 -0.051437159684553535
0.57 -0.051395929260829476
0.58 -0.05135223721662108
0.59 -0.05130723431636408
0.6 -0.051261994657584964
0.61 -0.05121771675511422
0.62 -0.051175460971307984
0.63 -0.05113576674450471
0.64 -0.051098289125777185
0.65 -0.05106127969223273
0.66 -0.051021554794710156
0.67 -0.05097550841073062
0.68 -0.05092050300937512
0.69 -0.0508555620054274
0.7 -0.05078113423038033
0.71 -0.050698501190042045
0.72 -0.050609494119393084
0.73 -0.050516496407082556
0.74 -0.050421958172280235
0.75 -0.05032775749963747
0.76 -0.050235126681227094
0.77 -0.05014440771046491
0.78 -0.05005473861515153
0.79 -0.04996479543892285
0.8 -0.04987379897348454
0.81 -0.04978143951854985
0.82 -0.04968763594745784
0.83 -0.04959333173127245
0.84 -0.049501113373255023
0.85 -0.049414192762935016
0.86 -0.04933494905037694
0.87 -0.049265055567828675
0.88 -0.04920675416047349
0.89 -0.049163043688047026
0.9 -0.04913640147898857
0.91 -0.04912781088389018
0.92 -0.049136741041803766
0.93 -0.049161320592438607
0.94 -0.04919852687585813
0.95 -0.049244575326757634
0.96 -0.04929533833262845
0.97 -0.04934667708527485
0.98 -0.049394529789752006
0.99 -0.04943494171280971
1.0 -0.04946459421776073
1.01 -0.0494813433390755
1.02 -0.04948419419665573
1.03 -0.0494731701985458
1.04 -0.04944918712890267
1.05 -0.04941355972789019
1.06 -0.0493673720798089
1.07 -0.04931130956386731
1.08 -0.04924600949682034
1.09 -0.04917251459064875
1.1 -0.04909237726133675
1.11 -0.04900750230945228
1.12 -0.048920573166380876
1.13 -0.04883588943625927
1.14 -0.04875887347510499
1.15 -0.04869417676844101
1.16 -0.04864469885602141
1.17 -0.04861220642338626
1.18 -0.04859788681065336
1.19 -0.048602006254713004
1.2 -0.04862330315398822
1.21 -0.048659009818285526
1.22 -0.04870619310672364
1.23 -0.04876338434506522
1.24 -0.04883019568776703
1.25 -0.0489055494619155
1.26 -0.048987110339035134
1.27 -0.04907165687729087
1.28 -0.04915517866394392
