0.0 4.719841583119183
0.01 4.7198495269703775
0.02 4.719852977468719
0.03 4.719849360754724
0.04 4.719837240558674
0.05 4.7198162387296385
0.06 4.719787083872244
0.07 4.719751585160943
0.08 4.719712010966043
0.09 4.719670371847993
0.1 4.7196284317266155
0.11 4.71958801822152
0.12 4.719550745118233
0.13 4.719517565542748
0.14 4.719489050263685
0.15 4.7194658686257425
0.16 4.7194487240594825
0.17 4.719438153788699
0.18 4.719434510121579
0.19 4.719437877890124
0.2 4.719447928857493
0.21 4.719463846327066
0.22 4.719484327564597
0.23 4.719507759703625
0.24 4.7195325984441485
0.25 4.719557655391334
0.26 4.719581995105047
0.27 4.719604677372834
0.28 4.719624699735414
0.29 4.719640997135842
0.3 4.719652417309842
0.31 4.719658015938221
0.32 4.7196575873258215
0.33 4.719651753022317
0.34 4.719641492072758
0.35 4.719627648776509
0.36 4.719610737053197
0.37 4.71959090461292
0.38 4.719567923892193
0.39 4.719541497002024
0.4 4.719511708487365
0.41 4.719478967779725
0.42 4.719443643468022
0.43 4.719405922200518
0.44 4.719365854085308
0.45 4.71932348978232
0.46 4.719279107897835
0.47 4.719233320328354
0.48 4.719186808893064
0.49 4.719139894375822
0.5 4.719092328462921
0.51 4.7190433406504155
0.52 4.718991836258813
0.53 4.718936641301555
0.54 4.718876738638458
0.55 4.718811434736711
0.56 4.718740216974989
0.57 4.718662513204831
0.58 4.718577789612509
0.59 4.7184858146440085
0.6 4.718386756476409
0.61 4.718281051032724
0.62 4.718169226749362
0.63 4.718051893615768
0.64 4.7179298220332795
0.65 4.717803962188014
0.66 4.717675450334729
0.67 4.717545616004213
0.68 4.717415804769162
0.69 4.717287190340444
0.7 4.717160983932037
0.71 4.717038768900437
0.72 4.716922460487525
0.73 4.716813995466358
0.74 4.716714980918687
0.75 4.716626397622538
0.76 4.716548585205346
0.77 4.716481424910395
0.78 4.716424307565825
0.79 4.716375973800259
0.8 4.716334666201663
0.81 4.7162985014087155
0.82 4.716265670297656
0.83 4.716234401960678
0.84 4.716202852851234
0.85 4.716169129957361
0.86 4.716131513125834
0.87 4.716088741716609
0.88 4.7160402054520265
0.89 4.715985845000408
0.9 4.715925636425332
0.91 4.715859034662704
0.92 4.715784993817048
0.93 4.715702644741381
0.94 4.715612139943456
0.95 4.715514797325863
0.96 4.7154122574312005
0.97 4.715305674956538
0.98 4.7151956804463
0.99 4.715082686620936
1.0 4.714967207685699
1.01 4.714850205865993
1.02 4.714733137593583
1.03 4.714617557749471
1.04 4.714504544010263
1.05 4.714394331558851
1.06 4.714286660182601
1.07 4.714181476842564
1.08 4.71407912908589
1.09 4.7139801459095025
1.1 4.713885151608568
1.11 4.713794967902955
1.12 4.713710533041069
1.13 4.713632485788206
1.14 4.713560915150423
1.15 4.713495664312678
1.16 4.713436851592636
1.17 4.713384992833885
1.18 4.713340733159309
1.19 4.713304834822937
1.2 4.713278225203055
1.21 4.713261522648843
1.22 4.713254600769924
1.23 4.713256699209687
1.24 4.713266727791766
1.25 4.7132834546850475
1.26 4.713305499434272
1.27 4.713331194969895
1.28 4.713358450104432
