0.0 1.2861583780659709
0.01 1.286099075535171
0.02 1.2860399342552817
0.03 1.285980998500607
0.04 1.2859224858952842
0.05 1.2858648064568392
0.06 1.2858083869445434
0.07 1.2857535483658609
0.08 1.2857006182056647
0.09 1.2856499149073386
0.1 1.2856015294388508
0.11 1.2855552673197597
0.12 1.2855106851954368
0.13 1.2854671235939712
0.14 1.2854241009523175
0.15 1.2853819128361037
0.16 1.285341645272288
0.17 1.2853045418242681
0.18 1.2852713950573857
0.19 1.285242377338892
0.2 1.285217361921383
0.21 1.2851963517067224
0.22 1.2851794874860394
0.23 1.28516677987316
0.24 1.2851579690468675
0.25 1.2851524653270445
0.26 1.2851493281621051
0.27 1.2851474516539811
0.28 1.2851458623599115
0.29 1.2851437735988496
0.3 1.285140389332999
0.31 1.2851348355230572
0.32 1.28512636700167
0.33 1.2851147333549529
0.34 1.2851004657899825
0.35 1.2850848378644733
0.36 1.2850694871152095
0.37 1.2850558933051
0.38 1.285045061275632
0.39 1.285037632502564
0.4 1.2850341781102372
0.41 1.2850352414208794
0.42 1.2850411280174
0.43 1.285051803650905
0.44 1.2850669416023557
0.45 1.2850858693103726
0.46 1.2851075145375086
0.47 1.2851306107742362
0.48 1.285153959587368
0.49 1.2851765564980369
0.5 1.285197784992845
0.51 1.285217604131529
0.52 1.285236449045203
0.53 1.2852549076767863
0.54 1.2852734677894002
0.55 1.2852924844262121
0.56 1.2853122333275735
0.57 1.2853329874055284
0.58 1.2853550871288846
0.59 1.2853789024191213
0.6 1.2854047459685178
0.61 1.2854327913653423
0.62 1.285463085093828
0.63 1.2854956800754023
0.64 1.2855306046103
0.65 1.285567658007209
0.66 1.285606409521022
0.67 1.2856464844629434
0.68 1.2856878567545804
0.69 1.2857308429595555
0.7 1.2857757445954876
0.71 1.2858224904661197
0.72 1.2858706878967912
0.73 1.2859199426575367
0.74 1.285969975778328
0.75 1.2860205402999672
0.76 1.2860715019086078
0.77 1.2861230310587946
0.78 1.2861756242445823
0.79 1.2862299287703136
0.8 1.2862863935233175
0.81 1.286345044315527
0.82 1.286405780593304
0.83 1.286468811225939
0.84 1.2865346518227367
0.85 1.2866038566634845
0.86 1.286676846506599
0.87 1.2867537507590852
0.88 1.2868341853358052
0.89 1.2869171637397914
0.9 1.2870012230280574
0.91 1.287084629958211
0.92 1.2871655590135829
0.93 1.2872422196311408
0.94 1.2873129432276675
0.95 1.2873762838760552
0.96 1.2874310683227925
0.97 1.2874763087113497
0.98 1.2875112060543712
0.99 1.2875353525810596
1.0 1.2875488302635674
1.01 1.2875520860131289
1.02 1.2875457834041413
1.03 1.2875307941877265
1.04 1.2875082838788954
1.05 1.287479728070407
1.06 1.2874468356833342
1.07 1.2874114172265578
1.08 1.2873752351925756
1.09 1.2873399573210698
1.1 1.2873072069929599
1.11 1.2872785509634763
1.12 1.2872553608657515
1.13 1.2872386435197036
1.14 1.2872290073344583
1.15 1.287226869548502
1.16 1.2872328281247762
1.17 1.2872478861720804
1.18 1.2872731713676941
1.19 1.2873093934348976
1.2 1.287356656979517
1.21 1.2874145755502973
1.22 1.2874824045388822
1.23 1.2875592551827326
1.24 1.2876441188371421
1.25 1.287735432824201
1.26 1.2878307173069548
1.27 1.287926855090996
1.28 1.2880207175206957
