0.0 -0.0966900270488571
0.01 -0.09677737638308326
0.02 -0.09686704778095745
0.03 -0.0969613777431011
0.04 -0.09706221793764325
0.05 -0.09717062248000019
0.06 -0.09728645342236675
0.07 -0.09740843702756408
0.08 -0.09753489968455842
0.09 -0.09766458777876075
0.1 -0.09779707841560992
0.11 -0.09793295061556329
0.12 -0.09807379707678443
0.13 -0.0982216970437424
0.14 -0.09837815532430216
0.15 -0.09854316172440658
0.16 -0.09871505927564606
0.17 -0.09889122255603944
0.18 -0.0990689380644243
0.19 -0.09924623385790454
0.2 -0.09942229697069394
0.21 -0.09959698455725707
0.22 -0.09977006065348704
0.23 -0.09994094111555363
0.24 -0.10010901263573846
0.25 -0.10027424967817833
0.26 -0.10043733585196435
0.27 -0.10059914291490912
0.28 -0.10076073864049384
0.29 -0.10092397962072752
0.3 -0.10109113037333906
0.31 -0.10126361011545537
0.32 -0.10144144690711965
0.33 -0.10162322261039503
0.34 -0.10180544858485341
0.35 -0.10198239070593029
0.36 -0.1021479785519892
0.37 -0.1022981326640302
0.38 -0.10243050104416085
0.39 -0.10254294731489644
0.4 -0.10263401798143157
0.41 -0.10270443013462405
0.42 -0.10275680795867892
0.43 -0.10279429243270144
0.44 -0.10282021640476735
0.45 -0.10283846781587247
0.46 -0.10285316984994175
0.47 -0.10286788905483224
0.48 -0.10288506307727108
0.49 -0.1029059060837314
0.5 -0.10293059718521835
0.51 -0.10295845747111532
0.52 -0.10298825577193593
0.53 -0.10301851316877286
0.54 -0.10304775342431505
0.55 -0.10307491634498422
0.56 -0.10309933754473999
0.57 -0.10312043575402274
0.58 -0.10313811540272155
0.59 -0.10315325675060905
0.6 -0.10316729672307012
0.61 -0.10318136748096407
0.62 -0.10319586902037248
0.63 -0.10321073617821686
0.64 -0.10322581616761983
0.65 -0.10324084496912267
0.66 -0.10325530805269256
0.67 -0.10326848112669129
0.68 -0.10327955850212334
0.69 -0.1032877529732259
0.7 -0.10329240168382281
0.71 -0.103292989715559
0.72 -0.1032888798615037
0.73 -0.10327903414075834
0.74 -0.10326216404349609
0.75 -0.10323710867026659
0.76 -0.10320313629969835
0.77 -0.10316012059598467
0.78 -0.10310847213909557
0.79 -0.10304879878412265
0.8 -0.10298152437815311
0.81 -0.10290689161791633
0.82 -0.10282527969960586
0.83 -0.10273720219916527
0.84 -0.10264316428115272
0.85 -0.10254388799465808
0.86 -0.10244041749695665
0.87 -0.10233350761022209
0.88 -0.10222284763739697
0.89 -0.10210740116087536
0.9 -0.101986885661697
0.91 -0.10186265973673247
0.92 -0.10173708906791301
0.93 -0.10161241696069734
0.94 -0.10149018804362875
0.95 -0.10137130273216588
0.96 -0.10125644388353372
0.97 -0.10114645398782063
0.98 -0.10104223776825627
0.99 -0.10094439216047135
1.0 -0.10085308176484098
1.01 -0.10076813517744831
1.02 -0.10068926288507019
1.03 -0.10061637573230975
1.04 -0.10054948599048874
1.05 -0.10048819206464454
1.06 -0.10043171109754034
1.07 -0.1003797656622627
1.08 -0.10033315469425474
1.09 -0.10029315421439655
1.1 -0.10026083111666662
1.11 -0.10023705995083443
1.12 -0.10022231694817485
1.13 -0.10021633278172626
1.14 -0.10021863758166205
1.15 -0.10022935529982036
1.16 -0.1002491631042215
1.17 -0.10027868738873114
1.18 -0.10031794218827716
1.19 -0.1003661117982908
1.2 -0.10042211613681751
1.21 -0.10048559708614047
1.22 -0.10055678208402696
1.23 -0.10063535512536337
1.24 -0.10072009349488376
1.25 -0.10080924985614104
1.26 -0.10090075895428718
1.27 -0.10099239788173975
1.28 -0.10108195877459814
