0.0 1.2111310137295457
0.01 1.211132740786157
0.02 1.2111344437825504
0.03 1.2111361926652466
0.04 1.211138025394989
0.05 1.2111399185287166
0.06 1.2111417840352163
0.07 1.2111435239448474
0.08 1.2111450939055113
0.09 1.2111465120048188
0.1 1.2111478256115689
0.11 1.2111490800802192
0.12 1.2111502956404792
0.13 1.2111514630319555
0.14 1.211152580633268
0.15 1.2111536928740811
0.16 1.2111548698942558
0.17 1.2111561638031567
0.18 1.21115759732265
0.19 1.2111591719601946
0.2 1.211160878251336
0.21 1.211162696655216
0.22 1.211164587712667
0.23 1.2111664962431434
0.24 1.2111683587804474
0.25 1.2111700920028023
0.26 1.2111715873855915
0.27 1.2111727326071295
0.28 1.211173449817207
0.29 1.2111737323791745
0.3 1.2111736438012435
0.31 1.2111732715542889
0.32 1.2111726952414945
0.33 1.2111719959701346
0.34 1.2111712655158486
0.35 1.2111706003244327
0.36 1.211170092678352
0.37 1.2111698113779277
0.38 1.2111697825335404
0.39 1.2111699917774708
0.4 1.2111703995026728
0.41 1.2111709626566505
0.42 1.2111716490224644
0.43 1.2111724258611414
0.44 1.2111732483931368
0.45 1.21117406727471
0.46 1.2111748247263876
0.47 1.2111754290497363
0.48 1.2111757545631898
0.49 1.2111756800143416
0.5 1.2111751279782725
0.51 1.2111740872909622
0.52 1.2111726117050496
0.53 1.2111708042013423
0.54 1.2111687941556508
0.55 1.2111666943039916
0.56 1.211164566423044
0.57 1.2111624230946094
0.58 1.2111602264484964
0.59 1.2111578728692787
0.6 1.2111552122951492
0.61 1.2111521088488435
0.62 1.2111485000205806
0.63 1.2111444219874403
0.64 1.2111399896367585
0.65 1.2111353422897393
0.66 1.2111305898366913
0.67 1.2111257937632751
0.68 1.2111209901222653
0.69 1.211116216233012
0.7 1.2111115032863549
0.71 1.2111068687952833
0.72 1.2111023422657303
0.73 1.21109798639919
0.74 1.21109389300296
0.75 1.211090173415105
0.76 1.2110869336441652
0.77 1.2110842310481902
0.78 1.211082053846543
0.79 1.2110803334065383
0.8 1.2110789595334384
0.81 1.2110777935180312
0.82 1.211076694360654
0.83 1.2110755436128242
0.84 1.211074240141162
0.85 1.2110726961704525
0.86 1.2110708749007668
0.87 1.2110688277818187
0.88 1.211066668425452
0.89 1.21106449911208
0.9 1.211062360824521
0.91 1.211060232645806
0.92 1.2110580572823535
0.93 1.2110557703527673
0.94 1.211053319993809
0.95 1.2110506780104868
0.96 1.211047852095389
0.97 1.2110449030033648
0.98 1.2110419484168786
0.99 1.2110391302048482
1.0 1.2110365691003366
1.01 1.211034340509529
1.02 1.2110324675018267
1.03 1.2110309256310812
1.04 1.2110296656771045
1.05 1.2110286519293982
1.06 1.2110278824793945
1.07 1.2110273655468964
1.08 1.2110270953922093
1.09 1.2110270571114046
1.1 1.2110272201368257
1.11 1.2110275179118999
1.12 1.2110278616069037
1.13 1.2110281730581902
1.14 1.2110283740560714
1.15 1.2110283468473542
1.16 1.2110279386658913
1.17 1.211027023744617
1.18 1.211025556987297
1.19 1.2110235551646895
1.2 1.2110210441365568
1.21 1.2110180542459563
1.22 1.2110146477650208
1.23 1.2110109139593992
1.24 1.2110069422620504
1.25 1.2110028205302208
1.26 1.2109986515768254
1.27 1.210994553856902
1.28 1.2109906413751514
