0.0 0.3249908881033533
0.01 0.32501488810335327
0.02 0.3249723881033533
0.03 0.3250253881033533
0.04 0.3249198881033533
0.05 0.3249673881033533
0.06 0.32496088810335333
0.07 0.3248078881033533
0.08 0.32488288810335336
0.09 0.3248648881033533
0.1 0.32481388810335327
0.11 0.3247368881033533
0.12 0.3247173881033533
0.13 0.32476838810335334
0.14 0.32468888810335333
0.15 0.32465088810335335
0.16 0.32464138810335336
0.17 0.3245923881033533
0.18 0.3246478881033533
0.19 0.3245743881033533
0.2 0.32458088810335334
0.21 0.32459838810335334
0.22 0.3245318881033533
0.23 0.32458338810335335
0.24 0.3245648881033533
0.25 0.3244828881033533
0.26 0.32453488810335335
0.27 0.32453238810335333
0.28 0.3245118881033533
0.29 0.3245023881033533
0.3 0.32455638810335335
0.31 0.32458088810335334
0.32 0.3245378881033533
0.33 0.32449588810335334
0.34 0.3244888881033533
0.35 0.3245173881033533
0.36 0.3245353881033533
0.37 0.3244493881033533
0.38 0.32453288810335335
0.39 0.3245318881033533
0.4 0.3245098881033533
0.41 0.32460638810335335
0.42 0.3245278881033533
0.43 0.3245408881033533
0.44 0.3245588881033533
0.45 0.3246223881033533
0.46 0.32460988810335334
0.47 0.32451888810335333
0.48 0.3246513881033533
0.49 0.3245838881033533
0.5 0.32460788810335334
0.51 0.3246573881033533
0.52 0.3246548881033533
0.53 0.32471588810335333
0.54 0.3247443881033533
0.55 0.32466938810335333
0.56 0.3248273881033533
0.57 0.3248538881033533
0.58 0.3248823881033533
0.59 0.3248498881033533
0.6 0.3248983881033533
0.61 0.3249213881033533
0.62 0.3249113881033533
0.63 0.32497088810335334
0.64 0.3249778881033533
0.65 0.3250508881033533
0.66 0.3250818881033533
0.67 0.3250488881033533
0.68 0.3251663881033533
0.69 0.3252063881033533
0.7 0.32524838810335327
0.71 0.3252058881033533
0.72 0.3253358881033533
0.73 0.32536888810335335
0.74 0.32536038810335327
0.75 0.3254543881033533
0.76 0.3256123881033533
0.77 0.3255663881033533
0.78 0.3256028881033533
0.79 0.32559838810335334
0.8 0.3257308881033533
0.81 0.32574538810335335
0.82 0.32586238810335333
0.83 0.3258383881033533
0.84 0.3259683881033533
0.85 0.3260323881033533
0.86 0.3260763881033533
0.87 0.3260568881033533
0.88 0.3262103881033533
0.89 0.3261953881033533
0.9 0.32627938810335333
0.91 0.3263128881033533
0.92 0.3263868881033533
0.93 0.3264573881033533
0.94 0.3263678881033533
0.95 0.3264408881033533
0.96 0.3264888881033533
0.97 0.3265168881033533
0.98 0.3265493881033534
0.99 0.32661838810335336
1.0 0.32659988810335333
1.01 0.3265658881033533
1.02 0.32665238810335334
1.03 0.32658438810335333
1.04 0.32659988810335333
1.05 0.3267208881033533
1.06 0.3267473881033533
1.07 0.3267343881033533
1.08 0.3267298881033533
1.09 0.3267983881033533
1.1 0.32673888810335333
1.11 0.3267493881033533
1.12 0.32673188810335335
1.13 0.3268253881033533
1.14 0.32682238810335335
1.15 0.3268193881033533
1.16 0.3267763881033533
1.17 0.32685338810335335
1.18 0.32690738810335335
1.19 0.3269418881033533
1.2 0.32699738810335327
1.21 0.32699638810335335
1.22 0.3270483881033533
1.23 0.32707888810335334
1.24 0.3271373881033533
1.25 0.3271538881033533
1.26 0.3272238881033533
1.27 0.3272343881033533
1.28 0.32726488810335336
