0.0 -0.03536930731089605
0.01 -0.03546075246838054
0.02 -0.03553832510122934
0.03 -0.035739755711126975
0.04 -0.03482884068605774
0.05 -0.035494492585045556
0.06 -0.03536201864041999
0.07 -0.03460403149901037
0.08 -0.03484872218105295
0.09 -0.03436374490615002
0.1 -0.03467109211701125
0.11 -0.03409554137267801
0.12 -0.033913238388864286
0.13 -0.03420573832996254
0.14 -0.033815005336934156
0.15 -0.03390013081983678
0.16 -0.03345006509313109
0.17 -0.033434168911648854
0.18 -0.03308022177933978
0.19 -0.03304535815528098
0.2 -0.03316394098535369
0.21 -0.03336709923136727
0.22 -0.03318585544500863
0.23 -0.0332924688004832
0.24 -0.03303896290400843
0.25 -0.033018558381815666
0.26 -0.03323376293674585
0.27 -0.03279261872413475
0.28 -0.033180057160355325
0.29 -0.03247164999095897
0.3 -0.032945051977592676
0.31 -0.03302501699001681
0.32 -0.032804074668145944
0.33 -0.033112285446500245
0.34 -0.03278006395519206
0.35 -0.03281194331628701
0.36 -0.03250670956255508
0.37 -0.0323998336928053
0.38 -0.032774354147935725
0.39 -0.03290593986203483
0.4 -0.03273975568091547
0.41 -0.032680495848540936
0.42 -0.03236448213824428
0.43 -0.03230180612471667
0.44 -0.03263359244235975
0.45 -0.03259990723984707
0.46 -0.03269483429790121
0.47 -0.0320360562736175
0.48 -0.0323057052059923
0.49 -0.032153740456506874
0.5 -0.031826291218048475
0.51 -0.031921198792442596
0.52 -0.03182327488836201
0.53 -0.03240274026727974
0.54 -0.03236129650785102
0.55 -0.031543272970763425
0.56 -0.032411409480443965
0.57 -0.03195744610238371
0.58 -0.032288640831362514
0.59 -0.03179492459339084
0.6 -0.031951957490749194
0.61 -0.03206825830696225
0.62 -0.03169648290578131
0.63 -0.03211393610131452
0.64 -0.03184131451877992
0.65 -0.031821995143183734
0.66 -0.03140017924041061
0.67 -0.031091334705493523
0.68 -0.03136690031748124
0.69 -0.031339162240020535
0.7 -0.03149096989460176
0.71 -0.03115088314834047
0.72 -0.031119917798791974
0.73 -0.03173232332467535
0.74 -0.030984249655711338
0.75 -0.03152012153861339
0.76 -0.031658092715070474
0.77 -0.03159462014864722
0.78 -0.03100144306971231
0.79 -0.03157008738039213
0.8 -0.0316555792295361
0.81 -0.03168101637244103
0.82 -0.031271575860449374
0.83 -0.031716203194330994
0.84 -0.03227734769213786
0.85 -0.03224575946525032
0.86 -0.03209105394525924
0.87 -0.03168200297245871
0.88 -0.03265279803749799
0.89 -0.03220917999532524
0.9 -0.03244255265453955
0.91 -0.032304534620863024
0.92 -0.03253110143098503
0.93 -0.03251095310959062
0.94 -0.031959624494357186
0.95 -0.03204989304858952
0.96 -0.03158741409279919
0.97 -0.03209040220150072
0.98 -0.03153980569519543
0.99 -0.03141280066376417
1.0 -0.031622004185239305
1.01 -0.03107300224086451
1.02 -0.031311039033655064
1.03 -0.03081723286510929
1.04 -0.0311422026924415
1.05 -0.031228839669825703
1.06 -0.03104161008543027
1.07 -0.0309457829833768
1.08 -0.030652756537533854
1.09 -0.030985702746563426
1.1 -0.03076704864334623
1.11 -0.030501550946901546
1.12 -0.030041423744413542
1.13 -0.031137587666464128
1.14 -0.030989392994223763
1.15 -0.030898404502686105
1.16 -0.030479604060954735
1.17 -0.030731430252543213
1.18 -0.03101638722667044
1.19 -0.030779935550805604
1.2 -0.030870262403675852
1.21 -0.030105816606371683
1.22 -0.030350108595954772
1.23 -0.031020982417227394
1.24 -0.03105634585500372
1.25 -0.030419545415879767
1.26 -0.031201512630889994
1.27 -0.03063099200084185
1.28 -0.030789103795857642
