0.0 3.2052682690674397
0.01 3.205600109889957
0.02 3.2060263006842593
0.03 3.206004805582763
0.04 3.2064597646795647
0.05 3.2071213823483955
0.06 3.206494420302242
0.07 3.2065851125335394
0.08 3.206426431710238
0.09 3.206943336794961
0.1 3.2070095923231783
0.11 3.2074422187406677
0.12 3.2075569351522795
0.13 3.208073134395291
0.14 3.20804297546203
0.15 3.2075447052600783
0.16 3.207990173153088
0.17 3.2084698667343594
0.18 3.20838836896918
0.19 3.208600166516523
0.2 3.2087651797181227
0.21 3.209039382327055
0.22 3.208926754278547
0.23 3.2092483992207175
0.24 3.2096200049678787
0.25 3.209485155200091
0.26 3.209627538128469
0.27 3.209717493447008
0.28 3.209652505585108
0.29 3.209621148156433
0.3 3.2101998371967695
0.31 3.210141803645827
0.32 3.2099183205145945
0.33 3.2103937039753547
0.34 3.2099357551008136
0.35 3.209738787834179
0.36 3.210058893827896
0.37 3.209901782563537
0.38 3.210339463158885
0.39 3.209913223770357
0.4 3.209753068294535
0.41 3.209915487855798
0.42 3.2097456403215787
0.43 3.2101970443333676
0.44 3.2103124360950925
0.45 3.210256112145183
0.46 3.2101332972569
0.47 3.210471574849145
0.48 3.2099465001477943
0.49 3.210389810584807
0.5 3.2104083864227535
0.51 3.211047801210002
0.52 3.210972533436622
0.53 3.211345280404413
0.54 3.2112811233990444
0.55 3.2110119821948504
0.56 3.2118560862140333
0.57 3.2108447624262375
0.58 3.21170819170177
0.59 3.2122233367233757
0.6 3.2120467353359055
0.61 3.2118860062746672
0.62 3.2117788260455304
0.63 3.2127386325652694
0.64 3.2121895455391973
0.65 3.2122857343539106
0.66 3.212198917650912
0.67 3.211990960564316
0.68 3.2121888273328842
0.69 3.2121047152237527
0.7 3.211214882477819
0.71 3.211733868393969
0.72 3.2119358556318227
0.73 3.2120525870320256
0.74 3.21167458653332
0.75 3.2127215715447752
0.76 3.211655975508142
0.77 3.2129306425929682
0.78 3.212217906415135
0.79 3.213198277294545
0.8 3.2134012080110486
0.81 3.2142364042453213
0.82 3.2135891639168763
0.83 3.213823495891039
0.84 3.2140257780621417
0.85 3.2141818666703896
0.86 3.214687965292331
0.87 3.214547199278126
0.88 3.214473557240119
0.89 3.2137041051710904
0.9 3.213927747267041
0.91 3.2141878683126617
0.92 3.2140214973290515
0.93 3.214387943689429
0.94 3.213693418905182
0.95 3.2130569406672826
0.96 3.212803387202606
0.97 3.21397790144972
0.98 3.2131542065243845
0.99 3.2133318873376133
1.0 3.2131511156324257
1.01 3.212380210904535
1.02 3.212789212701355
1.03 3.212253724476903
1.04 3.212510042203717
1.05 3.2128884826350834
1.06 3.2122579266012705
1.07 3.212233378132379
1.08 3.211834075939403
1.09 3.212374648893212
1.1 3.2122439316032865
1.11 3.212317135702129
1.12 3.211985819739605
1.13 3.2120950758314017
1.14 3.2118770393348033
1.15 3.2122759834295276
1.16 3.211511503646615
1.17 3.212073924453244
1.18 3.2123995875992226
1.19 3.212113017739586
1.2 3.21194473785125
1.21 3.2120249938093437
1.22 3.212316705700063
1.23 3.2124755813755312
1.24 3.2124334699011934
1.25 3.2124775701446326
1.26 3.2127883895572236
1.27 3.2125320858002597
1.28 3.213418185515991
