0.0 0.23635748145967117
0.01 0.23650050302636672
0.02 0.2362595835779402
0.03 0.23436894289744625
0.04 0.23895742627055672
0.05 0.2363060726279631
0.06 0.23578646745414567
0.07 0.2364547904128136
0.08 0.2361200918684565
0.09 0.23921251223090856
0.1 0.23621870060290018
0.11 0.23506392329180326
0.12 0.23491942595654702
0.13 0.23813037737958087
0.14 0.23332053844361234
0.15 0.23823180035182556
0.16 0.23482682702023183
0.17 0.23434706054549892
0.18 0.23803533520465336
0.19 0.235882168700293
0.2 0.23522446267096697
0.21 0.23686331922320836
0.22 0.2362190838289422
0.23 0.23653996796478083
0.24 0.2397440768087371
0.25 0.23666722083059266
0.26 0.23777076698403388
0.27 0.23529101272464725
0.28 0.23763203452612114
0.29 0.23537413112442263
0.3 0.23748905643678242
0.31 0.23474801188535377
0.32 0.2359298777066332
0.33 0.236577042323864
0.34 0.23584128832885298
0.35 0.23475951683873664
0.36 0.23875969510385886
0.37 0.23427814692246418
0.38 0.23496773429285067
0.39 0.23556295145300954
0.4 0.23806137808805783
0.41 0.2361167259619048
0.42 0.23810944841371207
0.43 0.23511819414409807
0.44 0.23636204930740323
0.45 0.23573061585188437
0.46 0.2355243529005273
0.47 0.2378638851005359
0.48 0.23550852323224714
0.49 0.23738031529550696
0.5 0.236753524637483
0.51 0.23539573341385545
0.52 0.23638763155885467
0.53 0.23858542942400707
0.54 0.2353883759296096
0.55 0.23901570874039635
0.56 0.23595398791721056
0.57 0.23398336456430968
0.58 0.23573276630212625
0.59 0.23692416269302186
0.6 0.23504788681677713
0.61 0.2360435630608393
0.62 0.23463362041616076
0.63 0.23852465505605291
0.64 0.23538553674558393
0.65 0.23572742416108206
0.66 0.2349165700473934
0.67 0.23429871059751406
0.68 0.2381283584050955
0.69 0.23818045976929447
0.7 0.23607146585093464
0.71 0.23695703574148563
0.72 0.23709279426849772
0.73 0.2374022344881439
0.74 0.23713665299502473
0.75 0.23592832805770225
0.76 0.23858237468617283
0.77 0.2364103410027516
0.78 0.2362602645305616
0.79 0.23652345030675193
0.8 0.23634421785757276
0.81 0.23633787611115498
0.82 0.23688889411240233
0.83 0.23681950994140166
0.84 0.23591884230265148
0.85 0.23838256399401292
0.86 0.2364357749763677
0.87 0.2351730917586341
0.88 0.2349391636778302
0.89 0.23617826128758335
0.9 0.23644652825349066
0.91 0.23892664675473085
0.92 0.23630983415456353
0.93 0.23529595216938137
0.94 0.23534979573377868
0.95 0.23631053489674247
0.96 0.23688334186994897
0.97 0.23766491399562906
0.98 0.23643375701433822
0.99 0.23587179202390995
1.0 0.2366281102059551
1.01 0.23755761603255277
1.02 0.23641793524736965
1.03 0.23610449327792704
1.04 0.2348981269870425
1.05 0.23594910870866848
1.06 0.23518813235124725
1.07 0.23442085396437395
1.08 0.23678834014366767
1.09 0.23837284035673711
1.1 0.23463784209734584
1.11 0.2373550525329451
1.12 0.23650953728039958
1.13 0.2394784090329818
1.14 0.23509757339829473
1.15 0.23840162644499596
1.16 0.23683050721743903
1.17 0.23571595389631028
1.18 0.2363186149807026
1.19 0.238134267027319
1.2 0.235802133764218
1.21 0.23557158838574743
1.22 0.23682059565340108
1.23 0.2355893736817709
1.24 0.23468225608819804
1.25 0.23429197602255325
1.26 0.23570459210406192
1.27 0.23709843104584483
1.28 0.23727845532897796
