0.0 -0.09671202253776556
0.01 -0.09678637956919811
0.02 -0.09677577973909468
0.03 -0.09702342160889188
0.04 -0.09684855682444127
0.05 -0.09708950678389172
0.06 -0.09723384952795033
0.07 -0.09749689101059822
0.08 -0.09759207413106097
0.09 -0.09778586904759123
0.1 -0.09790360203988246
0.11 -0.09804557742432429
0.12 -0.0979189282602162
0.13 -0.09815452240334732
0.14 -0.09806290216962221
0.15 -0.09851893636385078
0.16 -0.09870753718124003
0.17 -0.0988652994968966
0.18 -0.09936086227676633
0.19 -0.09926823646590499
0.2 -0.09932052651383394
0.21 -0.09964139921314885
0.22 -0.09962424817125726
0.23 -0.10010492351794831
0.24 -0.10023925385956467
0.25 -0.10025530272089167
0.26 -0.10028993365469141
0.27 -0.10081386747402643
0.28 -0.10094347901752787
0.29 -0.10062877064119125
0.3 -0.10100602275616755
0.31 -0.10121506027695659
0.32 -0.1013334273310953
0.33 -0.10117429591111105
0.34 -0.10164750022067981
0.35 -0.10244405114609201
0.36 -0.10255722413420187
0.37 -0.10183001610984377
0.38 -0.10259341399234323
0.39 -0.10278940583385232
0.4 -0.10309515205376396
0.41 -0.10241667494186046
0.42 -0.10285644561438989
0.43 -0.10286986106190632
0.44 -0.10290773855947233
0.45 -0.10271628875971306
0.46 -0.10284387395467398
0.47 -0.10256633078763233
0.48 -0.10295032933451864
0.49 -0.1027212277056595
0.5 -0.10283712453620009
0.51 -0.1030671885760972
0.52 -0.1028179357335528
0.53 -0.10313721830183731
0.54 -0.10323190310464003
0.55 -0.10283435844699795
0.56 -0.10319608907738065
0.57 -0.10336510066422555
0.58 -0.1031540432817506
0.59 -0.1031698515255064
0.6 -0.10299273338283488
0.61 -0.10315290765314966
0.62 -0.10325083059051465
0.63 -0.10316610676541682
0.64 -0.10319672302266447
0.65 -0.10321411606466313
0.66 -0.10326314034456008
0.67 -0.1032485754533603
0.68 -0.10327153594602478
0.69 -0.10335863708905801
0.7 -0.10331216749624161
0.71 -0.10315823545181502
0.72 -0.10327246501713283
0.73 -0.10332219497812378
0.74 -0.10324305877057416
0.75 -0.103323004338578
0.76 -0.10331779900113602
0.77 -0.10314122606917042
0.78 -0.10314081618950599
0.79 -0.10284878083456217
0.8 -0.1031402181768577
0.81 -0.1028906104994185
0.82 -0.10276851082907701
0.83 -0.10275781786668503
0.84 -0.10273425561684046
0.85 -0.10256825498204147
0.86 -0.10229972532271958
0.87 -0.10208628705332767
0.88 -0.102404179540736
0.89 -0.10236759499747983
0.9 -0.10209613114298755
0.91 -0.10176463951268655
0.92 -0.10171838451490345
0.93 -0.10153450644310791
0.94 -0.1014804447329789
0.95 -0.1013669455777304
0.96 -0.10133857448795425
0.97 -0.10103455157780417
0.98 -0.10101261920015592
0.99 -0.10096336576188403
1.0 -0.10080147066878808
1.01 -0.10077912888473328
1.02 -0.10083704444884312
1.03 -0.10039769763401907
1.04 -0.1005082194278204
1.05 -0.10044456956256909
1.06 -0.10080698616599637
1.07 -0.10035789933314909
1.08 -0.10021971340321034
1.09 -0.10032447315765314
1.1 -0.10037849942130528
1.11 -0.09991497601894572
1.12 -0.10023648720600509
1.13 -0.10035851472604307
1.14 -0.1002829749273424
1.15 -0.10022771358820215
1.16 -0.10013230243685012
1.17 -0.10018504947849216
1.18 -0.10018945733010298
1.19 -0.10048838039593821
1.2 -0.10074172265372994
1.21 -0.10011195872750189
1.22 -0.10056203571264799
1.23 -0.1005635207535649
1.24 -0.1007450836741679
1.25 -0.10068531472906361
1.26 -0.10103564797500031
1.27 -0.10090833812481126
1.28 -0.10107601862196258
