0.0 0.6113240196115868
0.01 0.6110597055898062
0.02 0.6112791877212729
0.03 0.6113208274182149
0.04 0.6125527899290244
0.05 0.6110422580030557
0.06 0.6117499356148759
0.07 0.6111384474740174
0.08 0.6120483507387036
0.09 0.6119330187431498
0.1 0.6114439399274243
0.11 0.6122132517506724
0.12 0.6108660838339643
0.13 0.610482359455716
0.14 0.6103644132615145
0.15 0.6110564787704726
0.16 0.6108751414850051
0.17 0.6101337632519028
0.18 0.6105163716180142
0.19 0.6102101729385918
0.2 0.610208386441748
0.21 0.6104776322398866
0.22 0.6108177767615617
0.23 0.6099845214428123
0.24 0.6105418233994389
0.25 0.6105326136285267
0.26 0.6102190186482037
0.27 0.6102064687705964
0.28 0.6096338228139571
0.29 0.6100876054503725
0.3 0.6094413371352942
0.31 0.6096540529554053
0.32 0.6105566404966147
0.33 0.6100231144965296
0.34 0.6101650924796447
0.35 0.6093533598729275
0.36 0.6102446492597755
0.37 0.6101149693332779
0.38 0.6098903678691592
0.39 0.609332706175393
0.4 0.609353087354326
0.41 0.6098203666973117
0.42 0.6086877800431623
0.43 0.6087868431280761
0.44 0.6088305183327938
0.45 0.6092912914835154
0.46 0.6089056179246093
0.47 0.6088502344913378
0.48 0.6089298996769701
0.49 0.6087502621606609
0.5 0.6086500477030068
0.51 0.6096285272209574
0.52 0.6091505630548673
0.53 0.6092600316832772
0.54 0.6086166575651264
0.55 0.6089695382175169
0.56 0.6084360174207664
0.57 0.6091715026079365
0.58 0.6099923638979003
0.59 0.6097049448683505
0.6 0.6099229711480216
0.61 0.6101895810996902
0.62 0.6098595063522305
0.63 0.6100889382859984
0.64 0.6099615797006939
0.65 0.6102209383237396
0.66 0.6100371248806509
0.67 0.6092140480766037
0.68 0.6095501466135618
0.69 0.6093165818625996
0.7 0.6103455051536208
0.71 0.6091796417065449
0.72 0.6109518040156185
0.73 0.6100098167146468
0.74 0.6111178055445041
0.75 0.6100227173556201
0.76 0.6103636128049947
0.77 0.6106688209630393
0.78 0.6107200609954422
0.79 0.6102456269335246
0.8 0.6101909325923147
0.81 0.6103874642674691
0.82 0.610079897518502
0.83 0.6108797522561336
0.84 0.6101584935315874
0.85 0.6096948244843121
0.86 0.6112830692920186
0.87 0.6108667873776179
0.88 0.6116837593020827
0.89 0.6110160414351924
0.9 0.6128518133401037
0.91 0.6123928815131476
0.92 0.612181621475048
0.93 0.6112866735467293
0.94 0.6125404738265479
0.95 0.6128171173566548
0.96 0.6133979698057859
0.97 0.612350613690575
0.98 0.6121503590370363
0.99 0.6129625527569686
1.0 0.6118560809318865
1.01 0.6127719905799527
1.02 0.6105304374512359
1.03 0.6125224455464551
1.04 0.6121192842130778
1.05 0.6125280321856579
1.06 0.6115938122049069
1.07 0.6125601676457046
1.08 0.6119836077281278
1.09 0.6123392558290925
1.1 0.6117020622721361
1.11 0.6123606998006794
1.12 0.6127890182965059
1.13 0.6124882546095956
1.14 0.6115976788148769
1.15 0.6124835807609506
1.16 0.612132743700255
1.17 0.6119666684520801
1.18 0.6126385378620647
1.19 0.6123222236589605
1.2 0.612733698186295
1.21 0.6127668902307208
1.22 0.612773786038618
1.23 0.6132146387986745
1.24 0.6123624101259022
1.25 0.612150517984178
1.26 0.612594655344183
1.27 0.6123797524075938
1.28 0.6121954314142579
