0.0 1.211131943518879
0.01 1.211110443518879
0.02 1.2111499435188788
0.03 1.211097443518879
0.04 1.211096443518879
0.05 1.211130443518879
0.06 1.2111809435188792
0.07 1.211189443518879
0.08 1.211128443518879
0.09 1.2111659435188789
0.1 1.2111234435188791
0.11 1.211138943518879
0.12 1.211125443518879
0.13 1.211212943518879
0.14 1.211166943518879
0.15 1.2111139435188791
0.16 1.211161443518879
0.17 1.211141443518879
0.18 1.211145443518879
0.19 1.211182443518879
0.2 1.2111274435188788
0.21 1.211159943518879
0.22 1.211175943518879
0.23 1.211153943518879
0.24 1.211145443518879
0.25 1.2111754435188788
0.26 1.2111754435188788
0.27 1.211206943518879
0.28 1.211222443518879
0.29 1.211179943518879
0.3 1.211135943518879
0.31 1.2112009435188789
0.32 1.211167443518879
0.33 1.2111809435188792
0.34 1.2111584435188791
0.35 1.211189943518879
0.36 1.2111144435188792
0.37 1.2111779435188792
0.38 1.211150443518879
0.39 1.211158943518879
0.4 1.211202443518879
0.41 1.211157943518879
0.42 1.211160443518879
0.43 1.2111754435188788
0.44 1.211176443518879
0.45 1.211173943518879
0.46 1.2111049435188792
0.47 1.211236443518879
0.48 1.211144443518879
0.49 1.211241443518879
0.5 1.211189443518879
0.51 1.2111849435188788
0.52 1.211201943518879
0.53 1.211161443518879
0.54 1.211131443518879
0.55 1.211144443518879
0.56 1.211179943518879
0.57 1.2110979435188791
0.58 1.211149443518879
0.59 1.211153943518879
0.6 1.211199443518879
0.61 1.211191943518879
0.62 1.2111914435188789
0.63 1.211153943518879
0.64 1.2111139435188791
0.65 1.211117943518879
0.66 1.2110989435188788
0.67 1.211160943518879
0.68 1.211113443518879
0.69 1.211087443518879
0.7 1.211126443518879
0.71 1.2111329435188791
0.72 1.211103443518879
0.73 1.211105943518879
0.74 1.211111443518879
0.75 1.211059443518879
0.76 1.211039943518879
0.77 1.211086443518879
0.78 1.2110454435188789
0.79 1.211090943518879
0.8 1.211044943518879
0.81 1.2111234435188791
0.82 1.2110789435188791
0.83 1.2110539435188792
0.84 1.211102943518879
0.85 1.211113443518879
0.86 1.211126443518879
0.87 1.211039443518879
0.88 1.211032943518879
0.89 1.2110449435188788
0.9 1.211036943518879
0.91 1.211071943518879
0.92 1.211057443518879
0.93 1.2110669435188792
0.94 1.211066443518879
0.95 1.2110644435188789
0.96 1.211085943518879
0.97 1.211065443518879
0.98 1.211005443518879
0.99 1.2110414435188792
1.0 1.2109994435188791
1.01 1.211022443518879
1.02 1.2110159435188792
1.03 1.2110294435188789
1.04 1.211070943518879
1.05 1.211031943518879
1.06 1.210992943518879
1.07 1.211044943518879
1.08 1.2110284435188792
1.09 1.210997943518879
1.1 1.2110064435188792
1.11 1.211046443518879
1.12 1.211058443518879
1.13 1.2109689435188788
1.14 1.211026943518879
1.15 1.211010943518879
1.16 1.2111024435188789
1.17 1.2110609435188788
1.18 1.210998943518879
1.19 1.211017943518879
1.2 1.211047943518879
1.21 1.2110439435188791
1.22 1.2109909435188788
1.23 1.211010943518879
1.24 1.2110199435188789
1.25 1.2110104435188789
1.26 1.2110039435188789
1.27 1.210969943518879
1.28 1.210987443518879
