0.0 -0.009835039631771458
0.01 -0.010025941059948806
0.02 -0.009807898379491142
0.03 -0.009960330536220141
0.04 -0.009540217770154236
0.05 -0.010176730996522387
0.06 -0.00961442427685455
0.07 -0.009087204719090636
0.08 -0.0094890624345636
0.09 -0.00948949443515179
0.1 -0.009176551985580872
0.11 -0.008954306577250826
0.12 -0.00879274772852856
0.13 -0.008921779899390359
0.14 -0.008460701694800399
0.15 -0.008780275070032317
0.16 -0.008639335272341953
0.17 -0.008773457874186263
0.18 -0.00868056394273431
0.19 -0.008444883382900947
0.2 -0.008384356283908545
0.21 -0.008792715498461057
0.22 -0.008428793079771957
0.23 -0.008885802344170024
0.24 -0.008824767759618268
0.25 -0.008462415200442663
0.26 -0.008789852799983677
0.27 -0.008473984698905923
0.28 -0.008914872961783615
0.29 -0.008613667818152315
0.3 -0.009073985611232516
0.31 -0.009022741602750628
0.32 -0.00857236993579491
0.33 -0.008662431905468893
0.34 -0.008540109406512286
0.35 -0.008926260155597276
0.36 -0.008964488795817793
0.37 -0.008644378113244144
0.38 -0.00887547944432665
0.39 -0.00878806690960765
0.4 -0.008626163313632418
0.41 -0.009060554518585562
0.42 -0.008498068925123725
0.43 -0.008709561586742076
0.44 -0.008689484415492998
0.45 -0.008909320014384825
0.46 -0.008444338713170296
0.47 -0.008249849367707895
0.48 -0.008401056125979522
0.49 -0.008007387946570965
0.5 -0.00820379305469121
0.51 -0.008217713219432987
0.52 -0.008297043387418768
0.53 -0.008268737261362347
0.54 -0.008361016283411793
0.55 -0.007945995128100236
0.56 -0.008304089985245788
0.57 -0.008315774782445828
0.58 -0.008335797015300628
0.59 -0.008077126326393014
0.6 -0.008224013007819941
0.61 -0.008007057863874678
0.62 -0.00774644055649798
0.63 -0.008076415595302144
0.64 -0.00772220519455491
0.65 -0.007830496843267198
0.66 -0.007576197958081288
0.67 -0.0072358964715268925
0.68 -0.007528319992639254
0.69 -0.007692513900888542
0.7 -0.0075969908725079804
0.71 -0.006920806072576724
0.72 -0.007233665941895673
0.73 -0.007013591352201587
0.74 -0.006913822575889128
0.75 -0.006769657945846497
0.76 -0.007312167041781059
0.77 -0.0068509017850084675
0.78 -0.0067227988248754755
0.79 -0.007101845752486291
0.8 -0.007030274394991487
0.81 -0.006854598975122528
0.82 -0.007043402679368427
0.83 -0.006977091842409244
0.84 -0.007225948187710607
0.85 -0.007239780744062507
0.86 -0.007523035420718749
0.87 -0.007079505110932693
0.88 -0.0075776755393697215
0.89 -0.006875053541496534
0.9 -0.007154883389657307
0.91 -0.007031683416884427
0.92 -0.007262793052555949
0.93 -0.007374699466782708
0.94 -0.006512074069311424
0.95 -0.006585553887809681
0.96 -0.0066960646786444755
0.97 -0.006462075293866221
0.98 -0.0063724203686392755
0.99 -0.006613726731769631
1.0 -0.006425412622355964
1.01 -0.006089933158603955
1.02 -0.006232853555279583
1.03 -0.005743118897261645
1.04 -0.005712564574559487
1.05 -0.006125849271718664
1.06 -0.006178164430247435
1.07 -0.006031029341196259
1.08 -0.005826232306174184
1.09 -0.006006159964054625
1.1 -0.005700312853925027
1.11 -0.0056200594648601054
1.12 -0.005444328668484211
1.13 -0.005761051600652323
1.14 -0.005541836592827032
1.15 -0.00554403543019788
1.16 -0.005038161787846107
1.17 -0.005428018107576982
1.18 -0.005838945357115044
1.19 -0.005392704624279432
1.2 -0.005650129365332823
1.21 -0.0054534851416168095
1.22 -0.005493229380082454
1.23 -0.005573826658783254
1.24 -0.005951068211333954
1.25 -0.005565435492345117
1.26 -0.0056768005630107865
1.27 -0.005341673695681948
1.28 -0.005649247119652756
