0.0 0.34052471661712413
0.01 0.3400336706951883
0.02 0.34152144901381565
0.03 0.3408827058065862
0.04 0.34066933153982415
0.05 0.33977010778854844
0.06 0.34196569092311524
0.07 0.3392805648226247
0.08 0.3417441355386517
0.09 0.3404138560093175
0.1 0.34111740054473216
0.11 0.33979698613225295
0.12 0.3424085367914138
0.13 0.3413223613431624
0.14 0.33939606053840166
0.15 0.3413548459971292
0.16 0.3406471604889463
0.17 0.3426892217988913
0.18 0.34092229737561297
0.19 0.34268392858168184
0.2 0.33957881401247647
0.21 0.34240138220823724
0.22 0.3421314782364009
0.23 0.34159126939616513
0.24 0.34262459393180134
0.25 0.3410491147558785
0.26 0.34065110108641505
0.27 0.3411104690152138
0.28 0.3405186665310316
0.29 0.34073632412855925
0.3 0.3405032723086947
0.31 0.34110513891359595
0.32 0.3412131195246326
0.33 0.3411888588419263
0.34 0.33923113569831553
0.35 0.34168761872556086
0.36 0.34151107520689905
0.37 0.3415216200155564
0.38 0.34142559356088764
0.39 0.3398299036102772
0.4 0.3425069695441296
0.41 0.34196215788601503
0.42 0.3423510480730041
0.43 0.3419763293536331
0.44 0.34132272748614767
0.45 0.3406419297462362
0.46 0.34154781336322415
0.47 0.3411485729892947
0.48 0.34204247835604296
0.49 0.3411553035069437
0.5 0.34079967554390933
0.51 0.3402156756227548
0.52 0.34345810064432136
0.53 0.34113798505312776
0.54 0.3423968345980386
0.55 0.3403936687130509
0.56 0.3408190113224663
0.57 0.34208857819452376
0.58 0.3424940157263956
0.59 0.34165108503236397
0.6 0.3406955778777414
0.61 0.34017019894421363
0.62 0.34112866091181004
0.63 0.34164584543760057
0.64 0.34064851578937905
0.65 0.3413649461048207
0.66 0.34015711635201296
0.67 0.33992836554816197
0.68 0.3398022626734516
0.69 0.3402559869967883
0.7 0.34068836424781423
0.71 0.34052411052393783
0.72 0.34053825404569515
0.73 0.34167449024789764
0.74 0.34216644346287506
0.75 0.34090987594639355
0.76 0.3411941383202448
0.77 0.3404654851106592
0.78 0.3433731372612048
0.79 0.34179931530061225
0.8 0.34032066330537347
0.81 0.34047067899378014
0.82 0.3410591296567249
0.83 0.3411436126225853
0.84 0.34179734942568984
0.85 0.341365069210684
0.86 0.3414575000647089
0.87 0.3416714661271847
0.88 0.34031171076970157
0.89 0.3412225222906615
0.9 0.34328944117886095
0.91 0.33927106422258024
0.92 0.3395011250453246
0.93 0.34052813250940606
0.94 0.34153437269322673
0.95 0.34215206687840105
0.96 0.33970216432763145
0.97 0.34060731413951206
0.98 0.3402361501657909
0.99 0.34028762762822673
1.0 0.34117871227948005
1.01 0.3412312967645583
1.02 0.3402144132803562
1.03 0.339955985261879
1.04 0.34118038583086907
1.05 0.34128713255755017
1.06 0.33990730164769545
1.07 0.3389512729505162
1.08 0.3415478687902098
1.09 0.3408200425587449
1.1 0.34188321119732024
1.11 0.34258116130966876
1.12 0.3419017356754406
1.13 0.34146324794161664
1.14 0.3403262863263725
1.15 0.3405259530235165
1.16 0.34199980120342843
1.17 0.3443249383736253
1.18 0.34114164211506637
1.19 0.341211317685449
1.2 0.34234864254099584
1.21 0.33866804403488704
1.22 0.3405841191253085
1.23 0.3412433147152214
1.24 0.3421467405673786
1.25 0.34249954529001414
1.26 0.34127657940627376
1.27 0.3426854983541219
1.28 0.3413547422486074
