0.0 1.3305268945663231
0.01 1.3303103820069442
0.02 1.3302755397150516
0.03 1.331336052047905
0.04 1.3297580133579485
0.05 1.330318559176181
0.06 1.3301526088917246
0.07 1.3303062994465256
0.08 1.3307518591659289
0.09 1.3296289901506126
0.1 1.3308601596094034
0.11 1.3308653806976514
0.12 1.3316047336298693
0.13 1.3293753089835807
0.14 1.3321525490625605
0.15 1.3298750008753757
0.16 1.3317448970147279
0.17 1.3317398513076597
0.18 1.3304207578327691
0.19 1.3310192921601054
0.2 1.331504423644037
0.21 1.330762694235922
0.22 1.3313577141524835
0.23 1.3309141184535296
0.24 1.330037145580616
0.25 1.3312361373569788
0.26 1.3305289906606959
0.27 1.331550334869207
0.28 1.330367956019825
0.29 1.332356498724173
0.3 1.331097853962003
0.31 1.3322292083256588
0.32 1.331653388634325
0.33 1.3311030308945089
0.34 1.331036545041151
0.35 1.3318912316417055
0.36 1.330738622475458
0.37 1.332278844189716
0.38 1.3319977050614549
0.39 1.33174209115632
0.4 1.3303607719215593
0.41 1.3316740279632509
0.42 1.3303783848099542
0.43 1.332276060181841
0.44 1.3310093544907238
0.45 1.3314241997187448
0.46 1.3318212042730906
0.47 1.3315425998830746
0.48 1.3319497972732863
0.49 1.3308834000217908
0.5 1.3317345767259852
0.51 1.3324855036329986
0.52 1.3322837739081468
0.53 1.3308395609077746
0.54 1.3321864976057132
0.55 1.3310489026633627
0.56 1.332330273125474
0.57 1.3333588416073745
0.58 1.331932467098695
0.59 1.3319342016935574
0.6 1.333009216624827
0.61 1.332329735046061
0.62 1.3331669772774877
0.63 1.3310033814891051
0.64 1.3322721702729066
0.65 1.3329065207665742
0.66 1.3325886731220589
0.67 1.333625384724166
0.68 1.3313613732519318
0.69 1.3318266058219903
0.7 1.3325283125554765
0.71 1.3323206298982608
0.72 1.3320613152272118
0.73 1.3311566379171342
0.74 1.3323402724111633
0.75 1.3321863941053191
0.76 1.3314289828798547
0.77 1.3322169370256045
0.78 1.3327266075138748
0.79 1.3318946835226617
0.8 1.3324674862222086
0.81 1.3320697019396208
0.82 1.3327852456459484
0.83 1.3323851985603685
0.84 1.332784979030774
0.85 1.3320881622577296
0.86 1.3325095501694397
0.87 1.3337336125254176
0.88 1.3330238780121766
0.89 1.3328346302210194
0.9 1.3327356147171479
0.91 1.331479144508731
0.92 1.332756485791423
0.93 1.333192167757689
0.94 1.3330724755469205
0.95 1.333051149406736
0.96 1.3335739404803988
0.97 1.3324123876378478
0.98 1.333592889595165
0.99 1.3340854460955116
1.0 1.3336700590930466
1.01 1.3332405409915404
1.02 1.3336935189445764
1.03 1.3333864457032876
1.04 1.333816663051656
1.05 1.3337833082670887
1.06 1.3338746386125129
1.07 1.3344521326002008
1.08 1.3337720830145043
1.09 1.3322878885955776
1.1 1.3346406124109382
1.11 1.3333089227359478
1.12 1.334021564461973
1.13 1.3320287457302715
1.14 1.3332555892200686
1.15 1.3322810401508036
1.16 1.333250303351158
1.17 1.3335333454412996
1.18 1.3333599320595706
1.19 1.3322620013330502
1.2 1.3335116771984126
1.21 1.3342328232469827
1.22 1.3340593376599985
1.23 1.3341936924391735
1.24 1.3341564531198262
1.25 1.3349405202571027
1.26 1.333414482985047
1.27 1.3336653065507162
1.28 1.3336170044727584
