0.0 -0.04763253537831247
0.01 -0.048047824084434865
0.02 -0.04761609384814136
0.03 -0.04723799712296817
0.04 -0.0484639937007465
0.05 -0.04777236637146309
0.06 -0.04766425459808232
0.07 -0.04816328031395489
0.08 -0.04825971039958521
0.09 -0.049220541802474926
0.1 -0.04832830837889723
0.11 -0.048618001029046454
0.12 -0.049308478129240996
0.13 -0.04901424054689052
0.14 -0.04916629563991659
0.15 -0.048899105720049185
0.16 -0.049941924040460606
0.17 -0.049683627877900705
0.18 -0.05056379988704851
0.19 -0.05031905222046085
0.2 -0.0499872319127137
0.21 -0.04989321665997881
0.22 -0.050155583627042866
0.23 -0.05028433090824613
0.24 -0.05075954735267363
0.25 -0.05050573890163701
0.26 -0.05028544370733368
0.27 -0.05103214030534797
0.28 -0.0504493742050629
0.29 -0.05160162155882464
0.3 -0.051225700278945574
0.31 -0.05117139148638561
0.32 -0.05139109433762101
0.33 -0.0507927537512014
0.34 -0.05076200491980387
0.35 -0.05120486739140073
0.36 -0.05185421496884324
0.37 -0.05129570081075663
0.38 -0.05149452293250434
0.39 -0.050750411541787166
0.4 -0.0509335630686758
0.41 -0.05123412289547691
0.42 -0.05137174423619406
0.43 -0.05146302941859471
0.44 -0.05099145871436672
0.45 -0.0512689348683768
0.46 -0.0510407553066603
0.47 -0.05165986470925432
0.48 -0.05141694109721673
0.49 -0.05144337242132213
0.5 -0.05201529773225566
0.51 -0.05202330502192165
0.52 -0.05195779881944418
0.53 -0.05122008028956948
0.54 -0.051092941184768925
0.55 -0.05210306264563336
0.56 -0.05105720258212365
0.57 -0.05155123330048106
0.58 -0.051154288073473
0.59 -0.05181804584129601
0.6 -0.05117113794634953
0.61 -0.05077899670403774
0.62 -0.05127787076555457
0.63 -0.050516578283283486
0.64 -0.05058042469593538
0.65 -0.050878441648946726
0.66 -0.051308369159214884
0.67 -0.051655308909886344
0.68 -0.051255226506854434
0.69 -0.05121956283701756
0.7 -0.05042940241661942
0.71 -0.05088309834822269
0.72 -0.051039455453387284
0.73 -0.0498575655194653
0.74 -0.050730659526681876
0.75 -0.050058074782155515
0.76 -0.0500694186588726
0.77 -0.04961316986203901
0.78 -0.050928957796318564
0.79 -0.0497360204195294
0.8 -0.04970577747673666
0.81 -0.04974809082145537
0.82 -0.05062387710075278
0.83 -0.0495947219041426
0.84 -0.04890707021348639
0.85 -0.04911134124746663
0.86 -0.04945552167523726
0.87 -0.050013702392083914
0.88 -0.048678944520478495
0.89 -0.04879047980960127
0.9 -0.04882400370022921
0.91 -0.049083945700275855
0.92 -0.04878173372752492
0.93 -0.04912744558377469
0.94 -0.0490942132170229
0.95 -0.048986667288515306
0.96 -0.04995031082765866
0.97 -0.04896658337325732
0.98 -0.049724796952444805
0.99 -0.049885176240298534
1.0 -0.04965682348244016
1.01 -0.04970696793893481
1.02 -0.04960671456711818
1.03 -0.04987286202252772
1.04 -0.049041981038817184
1.05 -0.049295526573461146
1.06 -0.04934851178531208
1.07 -0.04950742808245412
1.08 -0.04977572951617315
1.09 -0.04901054092326351
1.1 -0.04913929619226032
1.11 -0.049340630651966144
1.12 -0.04968385847918633
1.13 -0.048145455513493474
1.14 -0.047991183865720544
1.15 -0.04851043142328226
1.16 -0.04862548564650648
1.17 -0.048225328226955355
1.18 -0.04820572610453766
1.19 -0.04818730310323449
1.2 -0.04816249269086903
1.21 -0.04958501114267566
1.22 -0.049451707015992774
1.23 -0.04801060973193927
1.24 -0.04824072773759447
1.25 -0.04940706313287091
1.26 -0.04821027318351767
1.27 -0.04915285966530192
1.28 -0.049235318165015585
