0.0 -0.06535683101749878
0.01 -0.06551511044979463
0.02 -0.06572538185865451
0.03 -0.06606449550413185
0.04 -0.06649043734936555
0.05 -0.06629592436427334
0.06 -0.06676125898264829
0.07 -0.06664217308597564
0.08 -0.0673454512644236
0.09 -0.06746096393887324
0.1 -0.0673300462686015
0.11 -0.06764042306803031
0.12 -0.06718486308679505
0.13 -0.06737249706273207
0.14 -0.06725655833877386
0.15 -0.06760732832807648
0.16 -0.06767629218408633
0.17 -0.06735015787040677
0.18 -0.06759336480194378
0.19 -0.06744931156506162
0.2 -0.06746708443856608
0.21 -0.06772841406832253
0.22 -0.06778782729927446
0.23 -0.0674370168367604
0.24 -0.06755989600138967
0.25 -0.06742779783285258
0.26 -0.067542579687208
0.27 -0.06725250716518882
0.28 -0.06698731164816785
0.29 -0.06723569036752775
0.3 -0.06710992717834152
0.31 -0.06720540051954771
0.32 -0.06744903517022571
0.33 -0.06708454071532799
0.34 -0.06719830308651797
0.35 -0.06670172382538464
0.36 -0.06697268063561523
0.37 -0.06680317317463924
0.38 -0.06680112290581164
0.39 -0.06642231865723325
0.4 -0.0663763698192108
0.41 -0.0668161792265165
0.42 -0.06608624242361749
0.43 -0.06617080153791832
0.44 -0.06619198616123256
0.45 -0.06650273297342224
0.46 -0.06619270496102292
0.47 -0.06595430243678457
0.48 -0.06609461075102452
0.49 -0.06581176273880907
0.5 -0.06586313424392198
0.51 -0.06610332171788169
0.52 -0.06591762910138854
0.53 -0.0658873842855936
0.54 -0.06592637418673952
0.55 -0.06543892356978098
0.56 -0.06570407769113462
0.57 -0.06599224657734393
0.58 -0.06644316989675225
0.59 -0.06632975124209661
0.6 -0.06637433283534744
0.61 -0.06638207609205526
0.62 -0.06634267617932199
0.63 -0.06658607155157625
0.64 -0.0667505873803389
0.65 -0.06671918483805594
0.66 -0.06694785199009523
0.67 -0.06660277365470169
0.68 -0.06664591353781457
0.69 -0.06670338328730896
0.7 -0.06715469187461753
0.71 -0.06699494986367682
0.72 -0.06767350968824015
0.73 -0.06744369280288431
0.74 -0.06778424517885018
0.75 -0.06746500271404265
0.76 -0.06810733429574345
0.77 -0.06797302236530456
0.78 -0.06815245265028036
0.79 -0.06796405102875802
0.8 -0.06811441878749935
0.81 -0.06797139961591991
0.82 -0.06824091807394694
0.83 -0.06825616258767564
0.84 -0.06800970976987664
0.85 -0.06799303868020168
0.86 -0.06845424941508416
0.87 -0.06832532500778754
0.88 -0.06869446102348231
0.89 -0.0682581967687339
0.9 -0.0691678900551036
0.91 -0.0688023555992947
0.92 -0.06871441102733211
0.93 -0.0686270227581991
0.94 -0.06894693136517294
0.95 -0.06891094439508016
0.96 -0.0690255216234732
0.97 -0.06883156951673097
0.98 -0.06883695436963766
0.99 -0.06889178219232761
1.0 -0.06850000174329374
1.01 -0.06883875967923281
1.02 -0.06779265412261637
1.03 -0.06875777763219837
1.04 -0.06846538256121804
1.05 -0.06886323848223519
1.06 -0.06861217201642233
1.07 -0.06875395998323608
1.08 -0.0685758663314262
1.09 -0.06888947433358972
1.1 -0.06829998665140469
1.11 -0.06870465013904692
1.12 -0.06904497029585865
1.13 -0.06897950074251913
1.14 -0.06881515732848165
1.15 -0.069161846853663
1.16 -0.06889447940597204
1.17 -0.06881913003241191
1.18 -0.06939281175301826
1.19 -0.06928055586524451
1.2 -0.06966494169410531
1.21 -0.06954600665848787
1.22 -0.06953114376443459
1.23 -0.0698581322549261
1.24 -0.06981700819801873
1.25 -0.06987345924730093
1.26 -0.07014478571784544
1.27 -0.06989221887222108
1.28 -0.07010455920949088
