0.0 1.286163259225976
0.01 1.285778354220854
0.02 1.2855675931094739
0.03 1.2858046465076036
0.04 1.285240508009812
0.05 1.286238470421642
0.06 1.284936430444347
0.07 1.2859319164326992
0.08 1.2848302497249025
0.09 1.2854233408166218
0.1 1.2856501320460598
0.11 1.2858290937605377
0.12 1.284379674538755
0.13 1.2860062451035965
0.14 1.2874064676645691
0.15 1.2846095909656805
0.16 1.2857544037953188
0.17 1.284025275262068
0.18 1.2852216713149227
0.19 1.2849159349155448
0.2 1.2860221915414174
0.21 1.2835491725352517
0.22 1.2846700933625135
0.23 1.2854547014581614
0.24 1.2839385193460542
0.25 1.2851306151288613
0.26 1.285746682476824
0.27 1.2850994316500532
0.28 1.2857316448705571
0.29 1.285371997429567
0.3 1.2858546394265025
0.31 1.2851992002413555
0.32 1.2853424290669846
0.33 1.285499789332218
0.34 1.2866343822142596
0.35 1.2847883547687866
0.36 1.2860028021551608
0.37 1.2847979679518549
0.38 1.285241351682295
0.39 1.285149819876442
0.4 1.2842283209316774
0.41 1.2843741730315719
0.42 1.28403320364814
0.43 1.2850205918520423
0.44 1.2851001266140702
0.45 1.284966817332963
0.46 1.28574186440503
0.47 1.2852476180623782
0.48 1.2849268683900457
0.49 1.285747886688628
0.5 1.2860274347196565
0.51 1.2856244031576027
0.52 1.284017384608596
0.53 1.284816901734799
0.54 1.284284402402272
0.55 1.2856524716317788
0.56 1.2853134465005294
0.57 1.284237724611156
0.58 1.2851502867867648
0.59 1.2851712445414085
0.6 1.2859811668759242
0.61 1.2856790319903695
0.62 1.2850985269173423
0.63 1.285543928163543
0.64 1.2855984399668579
0.65 1.2856635811269888
0.66 1.286233667852283
0.67 1.2861816697548498
0.68 1.2860101370362598
0.69 1.2858170019103197
0.7 1.2863873664260987
0.71 1.2860259026760739
0.72 1.286400046450134
0.73 1.285775038533525
0.74 1.2859260154494523
0.75 1.286041180154978
0.76 1.2864232065559857
0.77 1.285993162989275
0.78 1.2845714527897885
0.79 1.2856330059123415
0.8 1.2865384756514961
0.81 1.286545320844363
0.82 1.2871369080874917
0.83 1.2862033162733537
0.84 1.2859957141692187
0.85 1.286802399592104
0.86 1.2865560075899714
0.87 1.2863148717368151
0.88 1.2870387348884993
0.89 1.2861689128165805
0.9 1.2860310862956252
0.91 1.2871469766938501
0.92 1.2884835478847165
0.93 1.2874853879303876
0.94 1.2874778399624764
0.95 1.2870727732678748
0.96 1.2875636848153125
0.97 1.287246598385953
0.98 1.2876584032695062
0.99 1.2880194791784056
1.0 1.2877515788189466
1.01 1.2874479998067434
1.02 1.2885048843365219
1.03 1.288267059907545
1.04 1.2872435016417114
1.05 1.286823940374866
1.06 1.2875171325423516
1.07 1.2879963534555285
1.08 1.2875183293479129
1.09 1.2882232947762864
1.1 1.2860804070471215
1.11 1.286535980765855
1.12 1.2865772016601227
1.13 1.2878423184456027
1.14 1.2875067874593675
1.15 1.2879459100217492
1.16 1.2869852044747363
1.17 1.2841508223564002
1.18 1.287568906761277
1.19 1.2882410614683302
1.2 1.2860649341648003
1.21 1.2889065911231512
1.22 1.2875849437311988
1.23 1.2874861138083515
1.24 1.2864431529676894
1.25 1.2868212764781468
1.26 1.287800002788722
1.27 1.287903816754567
1.28 1.2882004702838863
