0.0 -0.08628942022232611
0.01 -0.0860902249273039
0.02 -0.08616303985051132
0.03 -0.08625645663894144
0.04 -0.08598123749452569
0.05 -0.0860193594737444
0.06 -0.0867995747961885
0.07 -0.08633741444325693
0.08 -0.08642322051414286
0.09 -0.08632130971440155
0.1 -0.08719855404556487
0.11 -0.08614849508503752
0.12 -0.08666773493507307
0.13 -0.08741772153269078
0.14 -0.08789683987005859
0.15 -0.08628069958242257
0.16 -0.08698675527142719
0.17 -0.08620909763245521
0.18 -0.0864643676006649
0.19 -0.0874219008233661
0.2 -0.0869007976354137
0.21 -0.0862782536781106
0.22 -0.08739410000103476
0.23 -0.08677025912400982
0.24 -0.08650307501698862
0.25 -0.08690078080639019
0.26 -0.08682458534755799
0.27 -0.0871613379083307
0.28 -0.08633007557727179
0.29 -0.08735131303322863
0.3 -0.0863305843411819
0.31 -0.08700972921152328
0.32 -0.08697885570680874
0.33 -0.08707654703809808
0.34 -0.08716092404166975
0.35 -0.08651743362697673
0.36 -0.08699110400275689
0.37 -0.08671359339555185
0.38 -0.0867837003499794
0.39 -0.08630095326782072
0.4 -0.08624075078020876
0.41 -0.0860857580721266
0.42 -0.08674191939117293
0.43 -0.08656813097575888
0.44 -0.08640157260413517
0.45 -0.08603577109971106
0.46 -0.08722041871840602
0.47 -0.08657255891388438
0.48 -0.08725852606203421
0.49 -0.08750763235280257
0.5 -0.0870226051802776
0.51 -0.08693220040059568
0.52 -0.08662479195780115
0.53 -0.08679238174525405
0.54 -0.08673607747524503
0.55 -0.08689578177502622
0.56 -0.08704515875748964
0.57 -0.08622285361907878
0.58 -0.08674672861162946
0.59 -0.08684086143465741
0.6 -0.08614708212597844
0.61 -0.08649154660571412
0.62 -0.08638470607201576
0.63 -0.08659556634508903
0.64 -0.08656846347151781
0.65 -0.08653732660589242
0.66 -0.08652029792251348
0.67 -0.08678400822112131
0.68 -0.08662160139017683
0.69 -0.08643004401967236
0.7 -0.08627526553115139
0.71 -0.08672853426033456
0.72 -0.08610998870481534
0.73 -0.08661673831066263
0.74 -0.08668041432301266
0.75 -0.08729742566962528
0.76 -0.0865219969215083
0.77 -0.08643375246686968
0.78 -0.0868973259550927
0.79 -0.08613679439829802
0.8 -0.08666305632897231
0.81 -0.08719342105032446
0.82 -0.08633801450869516
0.83 -0.08613678432408456
0.84 -0.08660250528099223
0.85 -0.08659712663856567
0.86 -0.08630581674771864
0.87 -0.08676988525848284
0.88 -0.08621706660512896
0.89 -0.08688327944840868
0.9 -0.08659593316221414
0.91 -0.08655202229698311
0.92 -0.08659631492077935
0.93 -0.08678162465486494
0.94 -0.08715609917035394
0.95 -0.08697743773007094
0.96 -0.087049401752048
0.97 -0.08709922626613498
0.98 -0.08731487288267736
0.99 -0.0867818204387234
1.0 -0.08722222327947993
1.01 -0.0869438734415855
1.02 -0.08700795031403974
1.03 -0.08710551948465461
1.04 -0.0871369557855095
1.05 -0.08686081664265011
1.06 -0.08624296532548392
1.07 -0.08658545213556401
1.08 -0.08663633351560396
1.09 -0.08711349045222505
1.1 -0.08610095194819412
1.11 -0.08632697508920728
1.12 -0.08647247239030964
1.13 -0.08629523136556827
1.14 -0.08615533461943858
1.15 -0.08679519554620363
1.16 -0.08660265117530752
1.17 -0.08539653421773252
1.18 -0.08600457094445435
1.19 -0.08680853395882515
1.2 -0.08586960722746007
1.21 -0.0860834388100642
1.22 -0.08621903034156997
1.23 -0.08614573372954393
1.24 -0.08589143390109477
1.25 -0.08636812056431431
1.26 -0.08627449396791942
1.27 -0.08721336407369673
1.28 -0.08697760301924706
