0.0 4.719831167440567
0.01 4.720007361915455
0.02 4.719921449275373
0.03 4.720009837303322
0.04 4.71982946370787
0.05 4.720040443177783
0.06 4.719865755478915
0.07 4.719597980345354
0.08 4.71971609767195
0.09 4.719714290388089
0.1 4.719720074475475
0.11 4.719352761267532
0.12 4.719523512769733
0.13 4.719628763184442
0.14 4.719457137501705
0.15 4.719418732085238
0.16 4.719436515789712
0.17 4.719413245279734
0.18 4.7193742372184655
0.19 4.719435453036745
0.2 4.719349695892927
0.21 4.7194850184776636
0.22 4.719432307470023
0.23 4.719609470644166
0.24 4.719580624291931
0.25 4.719470350368354
0.26 4.719604918159039
0.27 4.719597787788686
0.28 4.719616006860358
0.29 4.719575353177771
0.3 4.719794494655348
0.31 4.7198116204892795
0.32 4.719656764653767
0.33 4.719653893975153
0.34 4.7195387849744845
0.35 4.719652328963575
0.36 4.719575567313044
0.37 4.719460568489074
0.38 4.719716519529928
0.39 4.719557912423171
0.4 4.719458011368339
0.41 4.719531195960796
0.42 4.719401097303896
0.43 4.7194029078343185
0.44 4.7193713500210155
0.45 4.719413042673953
0.46 4.7193310036606935
0.47 4.719108212023018
0.48 4.7191791759559365
0.49 4.719072734489316
0.5 4.719016728738997
0.51 4.719081734725651
0.52 4.7189431683939205
0.53 4.718999998078498
0.54 4.718960233463469
0.55 4.718638191032682
0.56 4.718849007278653
0.57 4.718673229981359
0.58 4.718689972979214
0.59 4.718496930358708
0.6 4.718373815382593
0.61 4.718313476930807
0.62 4.718136487956463
0.63 4.718105443892944
0.64 4.717877547505267
0.65 4.717869106615208
0.66 4.717695594242522
0.67 4.717449150860598
0.68 4.717413164789069
0.69 4.717386673614855
0.7 4.717198446520587
0.71 4.716985754247377
0.72 4.716929112692897
0.73 4.716752577940073
0.74 4.716589220122077
0.75 4.71663759223708
0.76 4.716572823282018
0.77 4.71643301155867
0.78 4.716313404574348
0.79 4.716400821897051
0.8 4.716291875666739
0.81 4.716336939645203
0.82 4.7162377454147295
0.83 4.716192753609931
0.84 4.716237254864798
0.85 4.716207457038539
0.86 4.716236380367821
0.87 4.716072286068358
0.88 4.716149344143609
0.89 4.7158287711408455
0.9 4.715906074269491
0.91 4.715860383637721
0.92 4.71587444523834
0.93 4.715999410368732
0.94 4.715516924262358
0.95 4.715442507533108
0.96 4.715336443942626
0.97 4.7153408149834375
0.98 4.715158969292914
0.99 4.715164729197772
1.0 4.7150986867620635
1.01 4.714736980311082
1.02 4.714814014176419
1.03 4.714398164589409
1.04 4.714391084054871
1.05 4.714526620132434
1.06 4.714337724709228
1.07 4.7142173930801485
1.08 4.714056801718354
1.09 4.714058258429561
1.1 4.713901085516323
1.11 4.713789736002859
1.12 4.7135274101350495
1.13 4.713706013834637
1.14 4.713518387356413
1.15 4.713649287652947
1.16 4.713301856175841
1.17 4.713338751821426
1.18 4.713469743451877
1.19 4.713225403317319
1.2 4.713194966613523
1.21 4.713209329905052
1.22 4.7132362154815866
1.23 4.713224533429809
1.24 4.713317078128237
1.25 4.713184183479115
1.26 4.713362101965752
1.27 4.713211019846093
1.28 4.713375385103518
