0.0 0.5896868673586084
0.01 0.5898238027341511
0.02 0.5897203740695556
0.03 0.5896943891572706
0.04 0.5893199227922121
0.05 0.5891694277566648
0.06 0.588929960189728
0.07 0.5897470696826748
0.08 0.5893428094285449
0.09 0.589418207063809
0.1 0.5892396896105954
0.11 0.5893446060106102
0.12 0.5889779230672962
0.13 0.5886089584550422
0.14 0.5882244076336427
0.15 0.5887825791852572
0.16 0.5889574287990991
0.17 0.589154647304543
0.18 0.5897311545148378
0.19 0.5894949675873935
0.2 0.5894997951393908
0.21 0.589543285785572
0.22 0.589463172561489
0.23 0.5899936320725345
0.24 0.5898581983779998
0.25 0.5899624442106601
0.26 0.5894855428506078
0.27 0.5903708191523771
0.28 0.5900324561139065
0.29 0.5893669636968504
0.3 0.5895381962852442
0.31 0.5895074074134863
0.32 0.5898437995915362
0.33 0.5890283987877272
0.34 0.5902801830840181
0.35 0.5914689312980839
0.36 0.5913718126220298
0.37 0.5901216139742367
0.38 0.5913176726764853
0.39 0.591636833930651
0.4 0.5921923941135292
0.41 0.5902252587544572
0.42 0.5914112151962332
0.43 0.5913946820903426
0.44 0.5911265665580681
0.45 0.5903727213738064
0.46 0.5907496319120309
0.47 0.5906564537907331
0.48 0.5907890967232046
0.49 0.5905474852848096
0.5 0.5908073140940449
0.51 0.5911908462540651
0.52 0.5909266930200996
0.53 0.5914391839954272
0.54 0.5912706962716445
0.55 0.5909134331389714
0.56 0.5913461477465303
0.57 0.5915444758123067
0.58 0.5911874594265161
0.59 0.5916376971189363
0.6 0.5905474063798541
0.61 0.591489140487548
0.62 0.5914667760635677
0.63 0.5908672968607895
0.64 0.5914196435922339
0.65 0.5913040986167095
0.66 0.5915365533019532
0.67 0.591377546461036
0.68 0.591328694853396
0.69 0.5911612078415089
0.7 0.5912139231191205
0.71 0.5914088279467391
0.72 0.5913346442194909
0.73 0.5913242955867437
0.74 0.5911530671260223
0.75 0.5911441614402477
0.76 0.5907769724403371
0.77 0.5908065116882213
0.78 0.5910772788709284
0.79 0.5907752822430403
0.8 0.5912616905230434
0.81 0.5909544727950671
0.82 0.590627521436554
0.83 0.5909313826531104
0.84 0.5909395313482619
0.85 0.5908608334483398
0.86 0.590592062439951
0.87 0.5907550277814835
0.88 0.5913923366874956
0.89 0.5925052448776622
0.9 0.591907985288266
0.91 0.5916913315176417
0.92 0.591657479230788
0.93 0.5914173315642692
0.94 0.5921468961643939
0.95 0.592099049558044
0.96 0.5919951298733732
0.97 0.5917603556350892
0.98 0.5919763997652199
0.99 0.591939391207676
1.0 0.591987042331267
1.01 0.5923779522934618
1.02 0.5922241389723073
1.03 0.5918594600512916
1.04 0.59209545353196
1.05 0.5918555810498995
1.06 0.5923844686457249
1.07 0.591701330122647
1.08 0.5917921629715392
1.09 0.5916728894111483
1.1 0.5922661288681628
1.11 0.5910890329434793
1.12 0.5919308404679224
1.13 0.5916858956175108
1.14 0.5915603367462738
1.15 0.5913686326414496
1.16 0.5914813608151075
1.17 0.5908751625871487
1.18 0.5905561463161426
1.19 0.5908106015576795
1.2 0.5913368767969018
1.21 0.5897539904715323
1.22 0.5905303808389464
1.23 0.5904126198022297
1.24 0.59078950345301
1.25 0.5907955664246272
1.26 0.5904900411218934
1.27 0.5903523166772953
1.28 0.5906433460118219
