0.0 -2.490922 675.340534 0.0 333.411959 0.0
0.01 -2.481681 675.404916 0.0 333.335791 0.0
0.02 -2.457275 675.239842 0.0 333.255202 0.0
0.03 -2.422165 674.892776 0.0 333.164646 0.0
0.04 -2.384577 674.619794 0.0 333.059429 0.0
0.05 -2.33677 674.63879 0.0 332.937861 0.0
0.06 -2.276825 674.90482 0.0 332.802798 0.0
0.07 -2.220654 675.164663 0.0 332.659796 0.0
0.08 -2.164882 675.195992 0.0 332.513381 0.0
0.09 -2.080285 674.896372 0.0 332.365501 0.0
0.1 -1.964744 674.335862 0.0 332.216612 0.0
0.11 -1.856152 673.787083 0.0 332.067119 0.0
0.12 -1.785022 673.494588 0.0 331.91781 0.0
0.13 -1.745713 673.432999 0.0 331.769741 0.0
0.14 -1.703579 673.479772 0.0 331.62347 0.0
0.15 -1.630088 673.633622 0.0 331.478592 0.0
0.16 -1.526606 673.87698 0.0 331.335745 0.0
0.17 -1.405889 674.083318 0.0 331.198436 0.0
0.18 -1.293368 674.153887 0.0 331.071519 0.0
0.19 -1.23127 674.158274 0.0 330.959029 0.0
0.2 -1.229976 674.30429 0.0 330.863895 0.0
0.21 -1.252923 674.662257 0.0 330.788059 0.0
0.22 -1.269045 675.003494 0.0 330.731566 0.0
0.23 -1.275087 675.102122 0.0 330.691288 0.0
0.24 -1.283652 675.070455 0.0 330.661546 0.0
0.25 -1.309404 675.151574 0.0 330.636886 0.0
0.26 -1.338114 675.329171 0.0 330.613627 0.0
0.27 -1.340468 675.405327 0.0 330.589259 0.0
0.28 -1.321569 675.311423 0.0 330.561794 0.0
0.29 -1.298543 675.177394 0.0 330.529588 0.0
0.3 -1.262376 675.18011 0.0 330.492787 0.0
0.31 -1.209885 675.312946 0.0 330.456186 0.0
0.32 -1.161638 675.36946 0.0 330.427569 0.0
0.33 -1.130428 675.271054 0.0 330.410671 0.0
0.34 -1.118153 675.164363 0.0 330.401925 0.0
0.35 -1.117208 675.099314 0.0 330.394864 0.0
0.36 -1.097353 674.981562 0.0 330.385416 0.0
0.37 -1.047714 674.845589 0.0 330.372931 0.0
0.38 -1.002377 674.796161 0.0 330.35845 0.0
0.39 -0.982554 674.794908 0.0 330.342902 0.0
0.4 -0.975286 674.76419 0.0 330.326324 0.0
0.41 -0.971638 674.726241 0.0 330.308427 0.0
0.42 -0.968995 674.734514 0.0 330.289931 0.0
0.43 -0.959397 674.796223 0.0 330.273028 0.0
0.44 -0.948261 674.88967 0.0 330.260512 0.0
0.45 -0.9544 674.98118 0.0 330.255401 0.0
0.46 -0.972197 675.029978 0.0 330.260659 0.0
0.47 -0.979926 675.032163 0.0 330.277194 0.0
0.48 -0.994147 675.012984 0.0 330.302687 0.0
0.49 -1.042535 674.955145 0.0 330.333505 0.0
0.5 -1.105044 674.797187 0.0 330.36649 0.0
0.51 -1.153952 674.54548 0.0 330.398505 0.0
0.52 -1.193598 674.363993 0.0 330.425424 0.0
0.53 -1.217245 674.463439 0.0 330.443314 0.0
0.54 -1.204815 674.85864 0.0 330.45203 0.0
0.55 -1.174132 675.306364 0.0 330.456788 0.0
0.56 -1.152345 675.579023 0.0 330.464402 0.0
0.57 -1.119978 675.684705 0.0 330.478248 0.0
0.58 -1.05026 675.740352 0.0 330.497717 0.0
0.59 -0.968794 675.827184 0.0 330.521334 0.0
0.6 -0.92838 675.926938 0.0 330.549734 0.0
0.61 -0.943034 675.903621 0.0 330.586114 0.0
0.62 -0.975752 675.684576 0.0 330.634186 0.0
0.63 -0.986839 675.350871 0.0 330.696752 0.0
0.64 -0.973519 674.998593 0.0 330.776623 0.0
0.65 -0.961478 674.720227 0.0 330.877484 0.0
0.66 -0.972546 674.618457 0.0 331.002281 0.0
0.67 -1.008623 674.68089 0.0 331.150434 0.0
0.68 -1.058212 674.803304 0.0 331.317472 0.0
0.69 -1.108636 674.904981 0.0 331.498535 0.0
0.7 -1.162995 674.890192 0.0 331.69277 0.0
0.71 -1.241219 674.669124 0.0 331.903403 0.0
0.72 -1.353065 674.282206 0.0 332.13315 0.0
0.73 -1.485643 673.911889 0.0 332.380633 0.0
0.74 -1.622678 673.737004 0.0 332.641211 0.0
0.75 -1.761847 673.754315 0.0 332.909936 0.0
0.76 -1.896995 673.840127 0.0 333.182572 0.0
0.77 -2.00944 673.956362 0.0 333.45396 0.0
0.78 -2.105091 674.12438 0.0 333.716963 0.0
0.79 -2.20816 674.285851 0.0 333.964266 0.0
0.8 -2.306912 674.35551 0.0 334.190633 0.0
0.81 -2.371395 674.363498 0.0 334.392947 0.0
0.82 -2.408874 674.444363 0.0 334.569705 0.0
0.83 -2.440299 674.684641 0.0 334.721665 0.0
0.84 -2.457569 674.976578 0.0 334.852494 0.0
0.85 -2.452477 675.123263 0.0 334.967741 0.0
0.86 -2.455816 675.153526 0.0 335.072784 0.0
0.87 -2.507284 675.243733 0.0 335.1723 0.0
0.88 -2.599914 675.398754 0.0 335.270132 0.0
0.89 -2.69566 675.553377 0.0 335.368436 0.0
0.9 -2.78465 675.724889 0.0 335.467918 0.0
0.91 -2.884617 675.886721 0.0 335.568162 0.0
0.92 -2.996386 675.957368 0.0 335.667302 0.0
0.93 -3.105312 675.919097 0.0 335.7621 0.0
0.94 -3.20841 675.792963 0.0 335.848717 0.0
0.95 -3.301215 675.614659 0.0 335.923641 0.0
0.96 -3.36743 675.477779 0.0 335.983708 0.0
0.97 -3.400359 675.386274 0.0 336.025684 0.0
0.98 -3.401031 675.216808 0.0 336.046524 0.0
0.99 -3.359589 674.998355 0.0 336.044589 0.0
1.0 -3.269154 674.8868 0.0 336.021669 0.0
1.01 -3.142898 674.875846 0.0 335.983347 0.0
1.02 -2.998876 674.867449 0.0 335.936281 0.0
1.03 -2.847657 674.864021 0.0 335.886038 0.0
1.04 -2.700335 674.898961 0.0 335.837406 0.0
1.05 -2.575483 674.97395 0.0 335.79427 0.0
1.06 -2.479161 675.132179 0.0 335.758842 0.0
1.07 -2.387952 675.397379 0.0 335.732327 0.0
1.08 -2.29793 675.611988 0.0 335.715623 0.0
1.09 -2.240803 675.549316 0.0 335.708593 0.0
1.1 -2.218431 675.24464 0.0 335.709313 0.0
1.11 -2.204972 674.959163 0.0 335.714433 0.0
1.12 -2.196416 674.794242 0.0 335.720642 0.0
1.13 -2.19547 674.653213 0.0 335.725861 0.0
1.14 -2.182095 674.517788 0.0 335.728948 0.0
1.15 -2.137195 674.504594 0.0 335.729075 0.0
1.16 -2.078332 674.705963 0.0 335.726106 0.0
1.17 -2.031996 675.075979 0.0 335.721608 0.0
1.18 -1.993676 675.452584 0.0 335.719801 0.0
1.19 -1.957116 675.661361 0.0 335.726709 0.0
1.2 -1.943338 675.617614 0.0 335.746833 0.0
1.21 -1.971311 675.389282 0.0 335.780701 0.0
1.22 -2.032538 675.191513 0.0 335.826015 0.0
1.23 -2.112256 675.221959 0.0 335.880771 0.0
1.24 -2.209755 675.420155 0.0 335.944452 0.0
1.25 -2.318384 675.524505 0.0 336.016396 0.0
1.26 -2.412534 675.400739 0.0 336.094571 0.0
1.27 -2.473571 675.143016 0.0 336.176282 0.0
1.28 -2.50977 674.870646 0.0 336.259432 0.0
