0.00000000000000000 0.00000000000000000 0.00000000000000000 0.00000000000000000 -0.33824597200000006 0.00000000000000000
0.01000000000000000 0.00000000000000000 0.00000000000000000 0.00000000000000000 -0.33824597200000006 0.00000000000000000
0.02000000000000000 0.00000000000000000 0.00000000000000000 0.00000000000000000 -0.33824597200000006 0.00000000000000000
0.03000000000000000 0.00000000000000000 0.00000000000000000 0.00000000000000000 -0.33824597200000006 0.00000000000000000
0.04000000000000000 0.00000000000000000 0.00000000000000000 0.00000000000000000 -0.33824597200000006 0.00000000000000000
0.05000000000000000 0.00000000000000000 0.00000000000000000 0.00000000000000000 -0.33824597200000006 0.00000000000000000
0.06000000000000000 0.00000000000000000 0.00000000000000000 0.00000000000000000 -0.33824597200000006 0.00000000000000000
0.07000000000000001 0.00000000000000000 0.00000000000000000 0.00000000000000000 -0.33824597200000006 0.00000000000000000
0.08000000000000000 0.00000000000000000 0.00000000000000000 0.00000000000000000 -0.33824597200000006 0.00000000000000000
0.09000000000000000 0.00000000000000000 0.00000000000000000 0.00000000000000000 -0.33824597200000006 0.00000000000000000
0.10000000000000001 0.00000000000000000 0.00000000000000000 0.00000000000000000 -0.33824597200000006 0.00000000000000000
0.11000000000000000 0.00000000000000000 0.00000000000000000 0.00000000000000000 -0.33824597200000006 0.00000000000000000
0.12000000000000000 0.00000000000000000 0.00000000000000000 0.00000000000000000 -0.33824597200000006 0.00000000000000000
0.13000000000000000 0.00000000000000000 0.00000000000000000 0.00000000000000000 -0.33824597200000006 0.00000000000000000
0.14000000000000001 0.00000000000000000 0.00000000000000000 0.00000000000000000 -0.33824597200000006 0.00000000000000000
0.14999999999999999 0.00000000000000000 0.00000000000000000 0.00000000000000000 -0.33824597200000006 0.00000000000000000
0.16000000000000000 0.00000000000000000 0.00000000000000000 0.00000000000000000 -0.33824597200000006 0.00000000000000000
0.17000000000000001 0.00000000000000000 0.00000000000000000 0.00000000000000000 -0.33824597200000006 0.00000000000000000
0.17999999999999999 0.00000000000000000 0.00000000000000000 0.00000000000000000 -0.33824597200000006 0.00000000000000000
0.19000000000000000 0.00000000000000000 0.00000000000000000 0.00000000000000000 -0.33824597200000006 0.00000000000000000
0.20000000000000001 0.00000000000000000 0.00000000000000000 0.00000000000000000 -0.33824597200000006 0.00000000000000000
0.20999999999999999 0.00000000000000000 0.00000000000000000 0.00000000000000000 -0.33824597200000006 0.00000000000000000
0.22000000000000000 0.00000000000000000 0.00000000000000000 0.00000000000000000 -0.33824597200000006 0.00000000000000000
0.23000000000000001 0.00000000000000000 0.00000000000000000 0.00000000000000000 -0.33824597200000006 0.00000000000000000
0.23999999999999999 0.00000000000000000 0.00000000000000000 0.00000000000000000 -0.33824597200000006 0.00000000000000000
0.25000000000000000 0.00000000000000000 0.00000000000000000 0.00000000000000000 -0.33824597200000006 0.00000000000000000
0.26000000000000001 0.00000000000000000 0.00000000000000000 0.00000000000000000 -0.33824597200000006 0.00000000000000000
0.27000000000000002 0.00000000000000000 0.00000000000000000 0.00000000000000000 -0.33824597200000006 0.00000000000000000
0.28000000000000003 0.00000000000000000 0.00000000000000000 0.00000000000000000 -0.33824597200000006 0.00000000000000000
0.28999999999999998 0.00000000000000000 0.00000000000000000 0.00000000000000000 -0.33824597200000006 0.00000000000000000
0.29999999999999999 0.00000000000000000 0.00000000000000000 0.00000000000000000 -0.33824597200000006 0.00000000000000000
0.31000000000000000 0.00000000000000000 0.00000000000000000 0.00000000000000000 -0.33824597200000006 0.00000000000000000
0.32000000000000001 0.00000000000000000 0.00000000000000000 0.00000000000000000 -0.33824597200000006 0.00000000000000000
0.33000000000000002 0.00000000000000000 0.00000000000000000 0.00000000000000000 -0.33824597200000006 0.00000000000000000
0.34000000000000002 0.00000000000000000 0.00000000000000000 0.00000000000000000 -0.33824597200000006 0.00000000000000000
0.34999999999999998 0.00000000000000000 0.00000000000000000 0.00000000000000000 -0.33824597200000006 0.00000000000000000
0.35999999999999999 0.00000000000000000 0.00000000000000000 0.00000000000000000 -0.33824597200000006 0.00000000000000000
0.37000000000000000 0.00000000000000000 0.00000000000000000 0.00000000000000000 -0.33824597200000006 0.00000000000000000
0.38000000000000000 0.00000000000000000 0.00000000000000000 0.00000000000000000 -0.33824597200000006 0.00000000000000000
0.39000000000000001 0.00000000000000000 0.00000000000000000 0.00000000000000000 -0.33824597200000006 0.00000000000000000
0.40000000000000002 0.00000000000000000 0.00000000000000000 0.00000000000000000 -0.33824597200000006 0.00000000000000000
0.40999999999999998 0.00000000000000000 0.00000000000000000 0.00000000000000000 -0.33824597200000006 0.00000000000000000
0.41999999999999998 0.00000000000000000 0.00000000000000000 0.00000000000000000 -0.33824597200000006 0.00000000000000000
0.42999999999999999 0.00000000000000000 0.00000000000000000 0.00000000000000000 -0.33824597200000006 0.00000000000000000
0.44000000000000000 0.00000000000000000 0.00000000000000000 0.00000000000000000 -0.33824597200000006 0.00000000000000000
0.45000000000000001 0.00000000000000000 0.00000000000000000 0.00000000000000000 -0.33824597200000006 0.00000000000000000
0.46000000000000002 0.00000000000000000 0.00000000000000000 0.00000000000000000 -0.33824597200000006 0.00000000000000000
0.46999999999999997 0.00000000000000000 0.00000000000000000 0.00000000000000000 -0.33824597200000006 0.00000000000000000
0.47999999999999998 0.00000000000000000 0.00000000000000000 0.00000000000000000 -0.33824597200000006 0.00000000000000000
0.48999999999999999 0.00000000000000000 0.00000000000000000 0.00000000000000000 -0.33824597200000006 0.00000000000000000
0.50000000000000000 0.00000000000000000 0.00000000000000000 0.00000000000000000 -0.33824597200000006 0.00000000000000000
0.51000000000000001 0.00000000000000000 0.00000000000000000 0.00000000000000000 -0.33824597200000006 0.00000000000000000
0.52000000000000002 0.00000000000000000 0.00000000000000000 0.00000000000000000 -0.33824597200000006 0.00000000000000000
0.53000000000000003 0.00000000000000000 0.00000000000000000 0.00000000000000000 -0.33824597200000006 0.00000000000000000
0.54000000000000004 0.00000000000000000 0.00000000000000000 0.00000000000000000 -0.33824597200000006 0.00000000000000000
0.55000000000000004 0.00000000000000000 0.00000000000000000 0.00000000000000000 -0.33824597200000006 0.00000000000000000
0.56000000000000005 0.00000000000000000 0.00000000000000000 0.00000000000000000 -0.33824597200000006 0.00000000000000000
0.56999999999999995 0.00000000000000000 0.00000000000000000 0.00000000000000000 -0.33824597200000006 0.00000000000000000
0.57999999999999996 0.00000000000000000 0.00000000000000000 0.00000000000000000 -0.33824597200000006 0.00000000000000000
0.58999999999999997 0.00000000000000000 0.00000000000000000 0.00000000000000000 -0.33824597200000006 0.00000000000000000
0.59999999999999998 0.00000000000000000 0.00000000000000000 0.00000000000000000 -0.33824597200000006 0.00000000000000000
0.60999999999999999 0.00000000000000000 0.00000000000000000 0.00000000000000000 -0.33824597200000006 0.00000000000000000
0.62000000000000000 0.00000000000000000 0.00000000000000000 0.00000000000000000 -0.33824597200000006 0.00000000000000000
0.63000000000000000 0.00000000000000000 0.00000000000000000 0.00000000000000000 -0.33824597200000006 0.00000000000000000
0.64000000000000001 0.00000000000000000 0.00000000000000000 0.00000000000000000 -0.33824597200000006 0.00000000000000000
0.65000000000000002 0.00000000000000000 0.00000000000000000 0.00000000000000000 -0.33824597200000006 0.00000000000000000
0.66000000000000003 0.00000000000000000 0.00000000000000000 0.00000000000000000 -0.33824597200000006 0.00000000000000000
0.67000000000000004 0.00000000000000000 0.00000000000000000 0.00000000000000000 -0.33824597200000006 0.00000000000000000
0.68000000000000005 0.00000000000000000 0.00000000000000000 0.00000000000000000 -0.33824597200000006 0.00000000000000000
0.68999999999999995 0.00000000000000000 0.00000000000000000 0.00000000000000000 -0.33824597200000006 0.00000000000000000
0.69999999999999996 0.00000000000000000 0.00000000000000000 0.00000000000000000 -0.33824597200000006 0.00000000000000000
0.70999999999999996 0.00000000000000000 0.00000000000000000 0.00000000000000000 -0.33824597200000006 0.00000000000000000
0.71999999999999997 0.00000000000000000 0.00000000000000000 0.00000000000000000 -0.33824597200000006 0.00000000000000000
0.72999999999999998 0.00000000000000000 0.00000000000000000 0.00000000000000000 -0.33824597200000006 0.00000000000000000
0.73999999999999999 0.00000000000000000 0.00000000000000000 0.00000000000000000 -0.33824597200000006 0.00000000000000000
0.75000000000000000 0.00000000000000000 0.00000000000000000 0.00000000000000000 -0.33824597200000006 0.00000000000000000
0.76000000000000001 0.00000000000000000 0.00000000000000000 0.00000000000000000 -0.33824597200000006 0.00000000000000000
0.77000000000000002 0.00000000000000000 0.00000000000000000 0.00000000000000000 -0.33824597200000006 0.00000000000000000
0.78000000000000003 0.00000000000000000 0.00000000000000000 0.00000000000000000 -0.33824597200000006 0.00000000000000000
0.79000000000000004 0.00000000000000000 0.00000000000000000 0.00000000000000000 -0.33824597200000006 0.00000000000000000
0.80000000000000004 0.00000000000000000 0.00000000000000000 0.00000000000000000 -0.33824597200000006 0.00000000000000000
0.81000000000000005 0.00000000000000000 0.00000000000000000 0.00000000000000000 -0.33824597200000006 0.00000000000000000
0.81999999999999995 0.00000000000000000 0.00000000000000000 0.00000000000000000 -0.33824597200000006 0.00000000000000000
0.82999999999999996 0.00000000000000000 0.00000000000000000 0.00000000000000000 -0.33824597200000006 0.00000000000000000
0.83999999999999997 0.00000000000000000 0.00000000000000000 0.00000000000000000 -0.33824597200000006 0.00000000000000000
0.84999999999999998 0.00000000000000000 0.00000000000000000 0.00000000000000000 -0.33824597200000006 0.00000000000000000
0.85999999999999999 0.00000000000000000 0.00000000000000000 0.00000000000000000 -0.33824597200000006 0.00000000000000000
0.87000000000000000 0.00000000000000000 0.00000000000000000 0.00000000000000000 -0.33824597200000006 0.00000000000000000
0.88000000000000000 0.00000000000000000 0.00000000000000000 0.00000000000000000 -0.33824597200000006 0.00000000000000000
0.89000000000000001 0.00000000000000000 0.00000000000000000 0.00000000000000000 -0.33824597200000006 0.00000000000000000
0.90000000000000002 0.00000000000000000 0.00000000000000000 0.00000000000000000 -0.33824597200000006 0.00000000000000000
0.91000000000000003 0.00000000000000000 0.00000000000000000 0.00000000000000000 -0.33824597200000006 0.00000000000000000
0.92000000000000004 0.00000000000000000 0.00000000000000000 0.00000000000000000 -0.33824597200000006 0.00000000000000000
0.93000000000000005 0.00000000000000000 0.00000000000000000 0.00000000000000000 -0.33824597200000006 0.00000000000000000
0.93999999999999995 0.00000000000000000 0.00000000000000000 0.00000000000000000 -0.33824597200000006 0.00000000000000000
0.94999999999999996 0.00000000000000000 0.00000000000000000 0.00000000000000000 -0.33824597200000006 0.00000000000000000
0.95999999999999996 0.00000000000000000 0.00000000000000000 0.00000000000000000 -0.33824597200000006 0.00000000000000000
0.96999999999999997 0.00000000000000000 0.00000000000000000 0.00000000000000000 -0.33824597200000006 0.00000000000000000
0.97999999999999998 0.00000000000000000 0.00000000000000000 0.00000000000000000 -0.33824597200000006 0.00000000000000000
0.98999999999999999 0.00000000000000000 0.00000000000000000 0.00000000000000000 -0.33824597200000006 0.00000000000000000
1.00000000000000000 0.00000000000000000 0.00000000000000000 0.00000000000000000 -0.33824597200000006 0.00000000000000000
1.01000000000000001 0.00000000000000000 0.00000000000000000 0.00000000000000000 -0.33824597200000006 0.00000000000000000
1.02000000000000002 0.00000000000000000 0.00000000000000000 0.00000000000000000 -0.33824597200000006 0.00000000000000000
1.03000000000000003 0.00000000000000000 0.00000000000000000 0.00000000000000000 -0.33824597200000006 0.00000000000000000
1.04000000000000004 0.00000000000000000 0.00000000000000000 0.00000000000000000 -0.33824597200000006 0.00000000000000000
1.05000000000000004 0.00000000000000000 0.00000000000000000 0.00000000000000000 -0.33824597200000006 0.00000000000000000
1.06000000000000005 0.00000000000000000 0.00000000000000000 0.00000000000000000 -0.33824597200000006 0.00000000000000000
1.07000000000000006 0.00000000000000000 0.00000000000000000 0.00000000000000000 -0.33824597200000006 0.00000000000000000
1.08000000000000007 0.00000000000000000 0.00000000000000000 0.00000000000000000 -0.33824597200000006 0.00000000000000000
1.09000000000000008 0.00000000000000000 0.00000000000000000 0.00000000000000000 -0.33824597200000006 0.00000000000000000
1.10000000000000009 0.00000000000000000 0.00000000000000000 0.00000000000000000 -0.33824597200000006 0.00000000000000000
1.11000000000000010 0.00000000000000000 0.00000000000000000 0.00000000000000000 -0.33824597200000006 0.00000000000000000
1.12000000000000011 0.00000000000000000 0.00000000000000000 0.00000000000000000 -0.33824597200000006 0.00000000000000000
1.12999999999999989 0.00000000000000000 0.00000000000000000 0.00000000000000000 -0.33824597200000006 0.00000000000000000
1.13999999999999990 0.00000000000000000 0.00000000000000000 0.00000000000000000 -0.33824597200000006 0.00000000000000000
1.14999999999999991 0.00000000000000000 0.00000000000000000 0.00000000000000000 -0.33824597200000006 0.00000000000000000
1.15999999999999992 0.00000000000000000 0.00000000000000000 0.00000000000000000 -0.33824597200000006 0.00000000000000000
1.16999999999999993 0.00000000000000000 0.00000000000000000 0.00000000000000000 -0.33824597200000006 0.00000000000000000
1.17999999999999994 0.00000000000000000 0.00000000000000000 0.00000000000000000 -0.33824597200000006 0.00000000000000000
1.18999999999999995 0.00000000000000000 0.00000000000000000 0.00000000000000000 -0.33824597200000006 0.00000000000000000
1.19999999999999996 0.00000000000000000 0.00000000000000000 0.00000000000000000 -0.33824597200000006 0.00000000000000000
1.20999999999999996 0.00000000000000000 0.00000000000000000 0.00000000000000000 -0.33824597200000006 0.00000000000000000
1.21999999999999997 0.00000000000000000 0.00000000000000000 0.00000000000000000 -0.33824597200000006 0.00000000000000000
1.22999999999999998 0.00000000000000000 0.00000000000000000 0.00000000000000000 -0.33824597200000006 0.00000000000000000
1.23999999999999999 0.00000000000000000 0.00000000000000000 0.00000000000000000 -0.33824597200000006 0.00000000000000000
1.25000000000000000 0.00000000000000000 0.00000000000000000 0.00000000000000000 -0.33824597200000006 0.00000000000000000
1.26000000000000001 0.00000000000000000 0.00000000000000000 0.00000000000000000 -0.33824597200000006 0.00000000000000000
1.27000000000000002 0.00000000000000000 0.00000000000000000 0.00000000000000000 -0.33824597200000006 0.00000000000000000
1.28000000000000003 0.00000000000000000 0.00000000000000000 0.00000000000000000 -0.33824597200000006 0.00000000000000000
