0.0 2.811422291786667
0.01 2.8129702256680895
0.02 2.814590168087124
0.03 2.816261611107392
0.04 2.8179419788397415
0.05 2.8195714317947305
0.06 2.821064170661107
0.07 2.822308081002059
0.08 2.823202259585214
0.09 2.8236959977918987
0.1 2.8237689893869806
0.11 2.8233855347132173
0.12 2.8224975107340797
0.13 2.8210962941995015
0.14 2.8192469325138627
0.15 2.817076756112842
0.16 2.8147569287202394
0.17 2.8124927165233307
0.18 2.810501576224885
0.19 2.808984488808678
0.2 2.8081134681479307
0.21 2.8080211930928427
0.22 2.8087779204560137
0.23 2.8103821057941216
0.24 2.812764648929609
0.25 2.8157834837892937
0.26 2.8192181956534887
0.27 2.8227668638529924
0.28 2.8260521065472357
0.29 2.828682817975551
0.3 2.830366477808422
0.31 2.830977605595343
0.32 2.830526706887607
0.33 2.8290895989036047
0.34 2.8267646407158886
0.35 2.823658933098753
0.36 2.8198886051237944
0.37 2.8155841692996186
0.38 2.8108958540553854
0.39 2.8059923102856024
0.4 2.801041601807171
0.41 2.796185874461666
0.42 2.7915363667247455
0.43 2.7871851015206968
0.44 2.7832069475634293
0.45 2.779654786386283
0.46 2.7765669471538055
0.47 2.7739828843443135
0.48 2.771943796507408
0.49 2.77047176963125
0.5 2.7695572317609765
0.51 2.7691678383928418
0.52 2.7692593801198018
0.53 2.769782501179118
0.54 2.7706896998869013
0.55 2.771938390633994
0.56 2.773484890058593
0.57 2.7752748420686895
0.58 2.7772431876256243
0.59 2.7793306614003748
0.6 2.781499211405684
0.61 2.7837282410965045
0.62 2.7860052385063145
0.63 2.7883195433324457
0.64 2.790655529629478
0.65 2.792989747879259
0.66 2.7952915980813415
0.67 2.7975242511391305
0.68 2.799645283921839
0.69 2.801608671825715
0.7 2.803367041651693
0.71 2.8048685673084215
0.72 2.806056642943682
0.73 2.806885197324645
0.74 2.8073415649940365
0.75 2.8074573779950383
0.76 2.8073039399812063
0.77 2.8069807202226293
0.78 2.8065995483439536
0.79 2.8062753044443722
0.8 2.8061318948538396
0.81 2.80630611663567
0.82 2.806939079767738
0.83 2.808167598959758
0.84 2.8101161132512367
0.85 2.812870960022901
0.86 2.816441646338907
0.87 2.8207446551892117
0.88 2.8256095195127724
0.89 2.830781077296843
0.9 2.835935897702268
0.91 2.8407260976116473
0.92 2.844826999613811
0.93 2.8479767310301463
0.94 2.8500054780415587
0.95 2.8508425942502464
0.96 2.8504895792988183
0.97 2.8489838405902437
0.98 2.8464005775857473
0.99 2.8428827779453036
1.0 2.8386437841010292
1.01 2.833929908597903
1.02 2.828987161014605
1.03 2.8240586223025006
1.04 2.819380419974211
1.05 2.815141195175124
1.06 2.811439264225484
1.07 2.80829844690253
1.08 2.8057198852734744
1.09 2.8037046033137285
1.1 2.8022444198643486
1.11 2.8013093215329414
1.12 2.800847520756841
1.13 2.8008094080812143
1.14 2.801178431090868
1.15 2.8019759366751984
1.16 2.8032326743410545
1.17 2.8049441110503897
1.18 2.8070499539049587
1.19 2.8094637858027918
1.2 2.812108978185745
1.21 2.8149237767864475
1.22 2.8178594181982177
1.23 2.8208745644013993
1.24 2.8239173939258055
1.25 2.826920245622117
1.26 2.829807894383154
1.27 2.832504659056046
1.28 2.83495048197073
1.29 2.837120741259975
1.3 2.8390280666817747
1.31 2.8407092200998303
1.32 2.842212939613532
1.33 2.843578732808881
1.34 2.8447986723774084
1.35 2.8457971913971063
1.36 2.8464501619123563
1.37 2.8466208342285935
1.38 2.8461914434602185
1.39 2.845075656742706
1.4 2.843206846580814
1.41 2.8405298577158904
1.42 2.83702758300619
1.43 2.8327607018165217
1.44 2.827871262903419
1.45 2.822552191622405
1.46 2.8170131443864106
1.47 2.8114554846460047
1.48 2.806076765328349
