0.0 0.7363866605737108
0.01 0.7262647993291427
0.02 0.716235687508087
0.03 0.7062828674385755
0.04 0.6963799335368649
0.05 0.686479012007674
0.06 0.6765009841826287
0.07 0.6663434731098299
0.08 0.6559064455720558
0.09 0.6451178633137428
0.1 0.6339455713666555
0.11 0.6223940784993878
0.12 0.6104956703823143
0.13 0.5983066419542916
0.14 0.5859038709457837
0.15 0.5733737639840363
0.16 0.560799213539998
0.17 0.548249189380139
0.18 0.5357713053469453
0.19 0.5233924476095257
0.2 0.5111291057021555
0.21 0.4990013391722403
0.22 0.4870410569904954
0.23 0.47528857802390323
0.24 0.4637815752146355
0.25 0.4525455139009825
0.26 0.44159125473321625
0.27 0.4309161814007757
0.28 0.42050160951912263
0.29 0.4103120623779982
0.3 0.4003049362929595
0.31 0.3904418584767507
0.32 0.38068877328200934
0.33 0.37101000856662836
0.34 0.3613693999072617
0.35 0.35173672010090384
0.36 0.34209249469155034
0.37 0.3324310643446262
0.38 0.3227586110118985
0.39 0.31308495829329863
0.4 0.303417797864309
0.41 0.2937634324487933
0.42 0.2841284643351668
0.43 0.27451867226596915
0.44 0.26493708022646834
0.45 0.25538441938955536
0.46 0.24586333199539964
0.47 0.2363839687396466
0.48 0.22696220513334148
0.49 0.21760815792763943
0.5 0.20831938326160832
0.51 0.1990841634094441
0.52 0.18988371067249063
0.53 0.1806931317494402
0.54 0.17148801469241987
0.55 0.1622514785756476
0.56 0.1529751033724862
0.57 0.1436551390673165
0.58 0.1342864521544769
0.59 0.12485802861150827
0.6 0.1153548141955561
0.61 0.10576357374736753
0.62 0.09607723753257852
0.63 0.08629576945311157
0.64 0.07642336069770476
0.65 0.0664638278375324
0.66 0.056416635361009396
0.67 0.046274200791272674
0.68 0.03602078270986163
0.69 0.025632671251319093
0.7 0.01507986110837227
0.71 0.004329484153318398
0.72 -0.006649482425101725
0.73 -0.017878106244307943
0.74 -0.029356281808268415
0.75 -0.041058514250212036
0.76 -0.05294302486184953
0.77 -0.0649649772866899
0.78 -0.07708470159816477
0.79 -0.08927040532404809
0.8 -0.10149407377449933
0.81 -0.11372228240769458
0.82 -0.1259123248847485
0.83 -0.13801796601398658
0.84 -0.149995565911704
0.85 -0.16180537925321398
0.86 -0.17341331450574027
0.87 -0.18479451395742172
0.88 -0.1959363081843658
0.89 -0.20684129071122578
0.9 -0.21752905334189868
0.91 -0.22803446556963197
0.92 -0.23840207832820365
0.93 -0.24867488555064837
0.94 -0.25888214011273997
0.95 -0.269037450554653
0.96 -0.2791482127310796
0.97 -0.2892231617809238
0.98 -0.2992706079181233
0.99 -0.3092935116200102
1.0 -0.31928622966995945
1.01 -0.3292350908840429
1.02 -0.33912397273987105
1.03 -0.3489405672193887
1.04 -0.3586823680162543
1.05 -0.36836416161179975
1.06 -0.37801546827028354
1.07 -0.3876599733958517
1.08 -0.3972979444546162
1.09 -0.40691235134215664
1.1 -0.41648957196680936
1.11 -0.4260318954542728
1.12 -0.4355515863230349
1.13 -0.44505701441164425
1.14 -0.4545449626739759
1.15 -0.4640042510208717
1.16 -0.473428209963483
1.17 -0.4828248481460553
1.18 -0.49221531468645996
1.19 -0.5016247987643153
1.2 -0.5110750819163449
1.21 -0.5205816694032175
1.22 -0.5301544819180115
1.23 -0.5398019182366961
1.24 -0.5495361954103292
1.25 -0.5593750090975549
1.26 -0.5693388517833756
1.27 -0.5794479286945106
1.28 -0.5897182393403487
1.29 -0.6001545743820176
1.3 -0.6107443808195653
1.31 -0.6214605898267044
1.32 -0.6322772378075054
1.33 -0.6431907209060042
1.34 -0.6542334748129633
1.35 -0.6654724646106095
1.36 -0.6769932736254273
1.37 -0.6888742897317719
1.38 -0.7011595136230865
1.39 -0.7138433171650485
1.4 -0.7268761660732268
1.41 -0.7401866344096631
1.42 -0.7537026917844147
1.43 -0.7673618031554055
1.44 -0.7811178709136726
1.45 -0.7949491775505445
1.46 -0.8088575218035543
1.47 -0.8228536237055127
1.48 -0.8369311783804713
