0.0 0.16863522672963516
0.01 0.13084013595741517
0.02 0.09691463883445994
0.03 0.0706271483119627
0.04 0.05464560530388596
0.05 0.05014349798257545
0.06 0.05667437947134246
0.07 0.072411764002414
0.08 0.09468041387862325
0.09 0.1205480248228259
0.1 0.1472797371103427
0.11 0.1726376998948176
0.12 0.19514034898646404
0.13 0.21432691853283092
0.14 0.2308648452632278
0.15 0.2462023043048598
0.16 0.2617192309546583
0.17 0.27792514706134863
0.18 0.29434108457162544
0.19 0.3099820686169812
0.2 0.3238694314614996
0.21 0.33529891825471125
0.22 0.34394922007231976
0.23 0.34989400343098165
0.24 0.3534961251022555
0.25 0.35521137366818856
0.26 0.3554202481655633
0.27 0.3543797519198968
0.28 0.35225554338589404
0.29 0.34917438089857633
0.3 0.34528238170548153
0.31 0.34076559010395435
0.32 0.3357958592379333
0.33 0.3304588562334896
0.34 0.3247526120150068
0.35 0.3186395660457446
0.36 0.3120736513407012
0.37 0.30500149590500225
0.38 0.29736970003323204
0.39 0.28913296865389526
0.4 0.28026731399372196
0.41 0.2707915497252964
0.42 0.26077135005030794
0.43 0.2503090804117152
0.44 0.23954450909043334
0.45 0.22865084062568553
0.46 0.21781404566764095
0.47 0.20721667615699246
0.48 0.19702180621243404
0.49 0.1873436539656712
0.5 0.1782329741259323
0.51 0.169696993930061
0.52 0.16172746653159997
0.53 0.15431307271322847
0.54 0.14743582648238274
0.55 0.14105820391833923
0.56 0.135119464148036
0.57 0.12956158347503788
0.58 0.12437563085005188
0.59 0.11963542062998567
0.6 0.11549750596395203
0.61 0.1121763351138041
0.62 0.10991898463648564
0.63 0.10898117405841123
0.64 0.10958572916170084
0.65 0.11186871565382894
0.66 0.11584558358254693
0.67 0.12142372681471514
0.68 0.12844259123403123
0.69 0.13670577727891242
0.7 0.14602211599547044
0.71 0.15626204385404296
0.72 0.16739155222805735
0.73 0.17949001313747193
0.74 0.19276969368063934
0.75 0.20757597870131228
0.76 0.2243503932356834
0.77 0.24355370562003475
0.78 0.26557777369661384
0.79 0.29069526783036004
0.8 0.31906290893157596
0.81 0.350747991537248
0.82 0.3857274587334656
0.83 0.4238607831922021
0.84 0.464908579401623
0.85 0.5086170950179199
0.86 0.554777642373149
0.87 0.6031755083474382
0.88 0.6534533346781037
0.89 0.7049925798957295
0.9 0.7569085169906007
0.91 0.8081721379035267
0.92 0.8577779695680201
0.93 0.9048730102416203
0.94 0.9488314319327182
0.95 0.9892851186666958
0.96 1.0260864648790662
0.97 1.0591988915028043
0.98 1.0885847664755497
0.99 1.114161460150302
1.0 1.1358155058728343
1.01 1.153425640315831
1.02 1.166895065784292
1.03 1.1761975770954347
1.04 1.18138589288235
1.05 1.1825454373830757
1.06 1.1797470438066018
1.07 1.1730270926386188
1.08 1.1623860758691924
1.09 1.1478071675079207
1.1 1.1292715749912254
1.11 1.1067542861952369
1.12 1.080237735763605
1.13 1.0497383561880014
1.14 1.0152982897251785
1.15 0.97694803060174
1.16 0.9346778926011403
1.17 0.8884282905314373
1.18 0.8381011133504517
1.19 0.7836206458288677
1.2 0.7250432572146099
1.21 0.6626471790691024
1.22 0.5969679921304323
1.23 0.5288205403613615
1.24 0.4593092534395087
1.25 0.38980288367346816
1.26 0.321905014985699
1.27 0.2574375243644429
1.28 0.19841358438404733
1.29 0.14698167563449083
1.3 0.1053013499042148
1.31 0.07528986885891076
1.32 0.05823267937065424
1.33 0.05437565464498206
1.34 0.06269691070587768
1.35 0.08098378126028205
1.36 0.10620330082937635
1.37 0.13505854537072892
1.38 0.16455003734373363
1.39 0.19238332965285831
1.4 0.21720985972351325
1.41 0.23875310083757117
1.42 0.2577431632348528
1.43 0.2754753274743713
1.44 0.2930736893296775
1.45 0.3109886447576029
1.46 0.32911975606158794
1.47 0.3472890313245163
1.48 0.36554025817917335
