0.0 0.10056014018368575
0.01 0.11153936273694764
0.02 0.12199785345508651
0.03 0.13152323092055962
0.04 0.13985020291976813
0.05 0.14690818028664587
0.06 0.1528431348812047
0.07 0.15796338770111262
0.08 0.16261401778598117
0.09 0.16704426649711923
0.1 0.17133040221825624
0.11 0.1753695716170549
0.12 0.1789026387058552
0.13 0.18152107995043654
0.14 0.18268917240891192
0.15 0.18182289270132834
0.16 0.17838658737890256
0.17 0.1719699943769175
0.18 0.16235035302290157
0.19 0.14951953160414266
0.2 0.13364844954933375
0.21 0.11500438361810605
0.22 0.09386608010934605
0.23 0.07046769455441826
0.24 0.04498563844357406
0.25 0.017577201988983937
0.26 -0.011557043960060298
0.27 -0.04212508054892705
0.28 -0.07371627310379747
0.29 -0.10582108861721728
0.3 -0.13792270015958152
0.31 -0.16960076110592937
0.32 -0.2005616835367725
0.33 -0.23060393346261776
0.34 -0.25958352311765154
0.35 -0.28740314818032964
0.36 -0.31401654678701707
0.37 -0.33943001117663396
0.38 -0.36367821984976434
0.39 -0.38678284372936567
0.4 -0.40872423830083804
0.41 -0.42944023413679133
0.42 -0.44884828986971126
0.43 -0.4668713069148751
0.44 -0.48344704109397796
0.45 -0.4985280374139469
0.46 -0.5120930744904904
0.47 -0.5241618656093863
0.48 -0.5347725023427463
0.49 -0.543925202387272
0.5 -0.5515555234197986
0.51 -0.5575525308323863
0.52 -0.561775127913668
0.53 -0.564060399240585
0.54 -0.564257893064184
0.55 -0.562289300445852
0.56 -0.5582047281041689
0.57 -0.5522121278675485
0.58 -0.5446735422978595
0.59 -0.5360830397110021
0.6 -0.5270244577938703
0.61 -0.5180946742725281
0.62 -0.509823823272761
0.63 -0.502626151821775
0.64 -0.49677777934371825
0.65 -0.49242702267072325
0.66 -0.48963517314540983
0.67 -0.48840933693679833
0.68 -0.48869295528266576
0.69 -0.4903223815080464
0.7 -0.4929930765542192
0.71 -0.49626634275060866
0.72 -0.49961606701134187
0.73 -0.50251390161612
0.74 -0.5045461920130228
0.75 -0.5055126487983097
0.76 -0.5054502634754598
0.77 -0.5045694775157976
0.78 -0.5031120932131037
0.79 -0.5011898963927557
0.8 -0.4987148947313589
0.81 -0.49546474267272167
0.82 -0.49121960074269655
0.83 -0.4858840197807872
0.84 -0.47953978015370335
0.85 -0.4724067982353972
0.86 -0.4647390612466733
0.87 -0.4567323927332021
0.88 -0.44848174837264043
0.89 -0.4399703567461426
0.9 -0.43109193042780714
0.91 -0.42170180551521774
0.92 -0.41166838792634497
0.93 -0.40091949879136646
0.94 -0.38947556844271514
0.95 -0.3774338949306504
0.96 -0.36490113544774605
0.97 -0.3519388424105827
0.98 -0.3385696008844974
0.99 -0.32481137885568234
1.0 -0.31069558255199947
1.01 -0.29626045774167054
1.02 -0.2815384082503041
1.03 -0.26655433184856747
1.04 -0.2513173422374866
1.05 -0.23579184004906306
1.06 -0.21990000320192404
1.07 -0.20359584070177128
1.08 -0.18693104703228514
1.09 -0.17003011927409073
1.1 -0.15301207388990257
1.11 -0.13593917352206564
1.12 -0.11883169897171086
1.13 -0.10172550820435777
1.14 -0.0847126487658123
1.15 -0.0679250286326667
1.16 -0.051473152393859856
1.17 -0.03539322983942572
1.18 -0.019644256544601113
1.19 -0.004145474094828572
1.2 0.011184799510886911
1.21 0.0264076563599005
1.22 0.04155404513235528
1.23 0.056628562299378515
1.24 0.07162421527870055
1.25 0.08652771138538817
1.26 0.10130963590590358
1.27 0.11590953136517523
1.28 0.13021326357693308
1.29 0.1440303641848617
1.3 0.15709810523291345
1.31 0.16912732771295147
1.32 0.17988219416555218
1.33 0.18926495361821782
1.34 0.19736474027540662
1.35 0.2044413889806016
1.36 0.21084558099387518
1.37 0.2168975880961641
1.38 0.22275836993458942
1.39 0.22834119044307144
1.4 0.2333067975746026
1.41 0.23714166347108634
1.42 0.23926646732927903
1.43 0.239136098176564
1.44 0.23634820146114777
1.45 0.23075714365960653
1.46 0.2225485639451099
1.47 0.21225803367109286
1.48 0.2007284513026084
