0.0 -0.27996174503840665
0.01 -0.29167013007471443
0.02 -0.30355210981927483
0.03 -0.3158769361565499
0.04 -0.32879903217326945
0.05 -0.34252259049396283
0.06 -0.3573641328310435
0.07 -0.37369044286336095
0.08 -0.3918795112566502
0.09 -0.4123155785735082
0.1 -0.43541198505223644
0.11 -0.46170968905748255
0.12 -0.49197171824816355
0.13 -0.5271071534845939
0.14 -0.5679697922185207
0.15 -0.6151966994463391
0.16 -0.6689722164523095
0.17 -0.7285485983018223
0.18 -0.7917581517509138
0.19 -0.8548341636719905
0.2 -0.9125847816702857
0.21 -0.9589080142813611
0.22 -0.9876434488464345
0.23 -0.9936768184668638
0.24 -0.9740406224358269
0.25 -0.9287022753542753
0.26 -0.860975065995436
0.27 -0.7773915744859519
0.28 -0.6867159599175405
0.29 -0.598124330040406
0.3 -0.5190865088923706
0.31 -0.4539428639802159
0.32 -0.40394795545358697
0.33 -0.3684815769251131
0.34 -0.3463575140752315
0.35 -0.3363743149751679
0.36 -0.3369926784924786
0.37 -0.34572202890908077
0.38 -0.3590129780760334
0.39 -0.372975673175576
0.4 -0.38453510847915773
0.41 -0.3922009276036853
0.42 -0.3959294739622905
0.43 -0.3963890402274197
0.44 -0.39431139694499207
0.45 -0.39031306438363744
0.46 -0.38506194883894507
0.47 -0.3793818590635172
0.48 -0.3740939516238062
0.49 -0.3697823481380369
0.5 -0.3667104882409653
0.51 -0.36483334645832954
0.52 -0.36387159040860606
0.53 -0.3635832641808414
0.54 -0.3640174448899782
0.55 -0.36547901556917983
0.56 -0.3683951568513386
0.57 -0.373163848654146
0.58 -0.37990521940437105
0.59 -0.3882947174330331
0.6 -0.3975981547889069
0.61 -0.40692584324177306
0.62 -0.4156736528335676
0.63 -0.42375848534363847
0.64 -0.4314088012828612
0.65 -0.43882802197207704
0.66 -0.4460180293741276
0.67 -0.45276886204464395
0.68 -0.45872636112163034
0.69 -0.4634937357089308
0.7 -0.4667253977673216
0.71 -0.46813072571547076
0.72 -0.4674515296905595
0.73 -0.464450286446501
0.74 -0.45890102075052264
0.75 -0.4508043705864413
0.76 -0.44059822081651356
0.77 -0.42873960102019515
0.78 -0.4150907107239692
0.79 -0.3991426524881887
0.8 -0.3808358503700009
0.81 -0.3607867006800958
0.82 -0.33989049523336146
0.83 -0.3192637538027361
0.84 -0.30037565573981384
0.85 -0.28466811418359317
0.86 -0.2729807437345926
0.87 -0.26532950621232976
0.88 -0.26106604548290946
0.89 -0.25925305800377574
0.9 -0.2590067126207609
0.91 -0.25964146624839124
0.92 -0.26068627097594543
0.93 -0.26185949638841466
0.94 -0.26303194647060435
0.95 -0.2641746396517184
0.96 -0.2652766276801515
0.97 -0.2662983927044609
0.98 -0.26722085063493806
0.99 -0.26810432533793804
1.0 -0.2690356298663259
1.01 -0.27001462226337214
1.02 -0.27093990585039807
1.03 -0.2717030959782214
1.04 -0.27226632598878586
1.05 -0.27269825325728636
1.06 -0.27318328752306886
1.07 -0.27391540299840456
1.08 -0.2749194375537747
1.09 -0.27604068937617887
1.1 -0.27713510134939545
1.11 -0.27820177632756815
1.12 -0.27933962065158546
1.13 -0.2806298831436087
1.14 -0.2820616436834005
1.15 -0.2835998240897486
1.16 -0.2852850533060747
1.17 -0.2871697453347668
1.18 -0.2892302409740424
1.19 -0.2914309315429082
1.2 -0.29379986956650805
1.21 -0.2963660605367746
1.22 -0.29908923602561943
1.23 -0.30197025882962647
1.24 -0.305179871248209
1.25 -0.3089732769466331
1.26 -0.313551512895041
1.27 -0.31905974281884797
1.28 -0.32565635624508493
1.29 -0.3335304892457427
1.3 -0.3428062957062288
1.31 -0.35347504435083366
1.32 -0.3655138953896211
1.33 -0.37902763505963666
1.34 -0.3942693047807202
1.35 -0.41163113432154486
1.36 -0.43161382823138705
1.37 -0.4547671771188275
1.38 -0.4816557691941954
1.39 -0.5128345086790946
1.4 -0.5488344994152072
1.41 -0.5900982668986305
1.42 -0.6368153914051398
1.43 -0.6888016908089272
1.44 -0.7454781892299214
1.45 -0.8058638856795941
1.46 -0.8685697827671901
1.47 -0.9318351605315311
1.48 -0.9936500235966328
