0.0 1.1900135960010791
0.01 1.1879404163300464
0.02 1.185886896275484
0.03 1.1838696845556806
0.04 1.1819098270964208
0.05 1.1800343471286698
0.06 1.178273257972037
0.07 1.1766552957027887
0.08 1.1752090342074661
0.09 1.1739666340545685
0.1 1.1729645852599837
0.11 1.1722428968222036
0.12 1.1718449155075694
0.13 1.1718131240581129
0.14 1.172177044659285
0.15 1.1729384818035822
0.16 1.174062638485078
0.17 1.1754811581537208
0.18 1.177105526413007
0.19 1.1788409208480988
0.2 1.1805951764524378
0.21 1.1822855252517939
0.22 1.1838450652183914
0.23 1.1852284000143287
0.24 1.1864168538647686
0.25 1.1874237536506014
0.26 1.188294419909608
0.27 1.189094924799684
0.28 1.1898940396259492
0.29 1.1907480210413852
0.3 1.1916933445254445
0.31 1.1927460665982854
0.32 1.1939042457571616
0.33 1.1951508410419767
0.34 1.196455421319185
0.35 1.1977791782470029
0.36 1.1990867567795684
0.37 1.2003549930271113
0.38 1.2015696058656633
0.39 1.202716786099041
0.4 1.2037810418461554
0.41 1.2047481549957884
0.42 1.2056064742323187
0.43 1.2063466700042889
0.44 1.2069601738410152
0.45 1.2074366317234206
0.46 1.2077638622260611
0.47 1.2079301396083146
0.48 1.207927018721792
0.49 1.2077524284709138
0.5 1.2074107893081762
0.51 1.20690704605802
0.52 1.2062412454101143
0.53 1.2054123193797348
0.54 1.204425876724274
0.55 1.2032949723075974
0.56 1.202034840318483
0.57 1.2006596412286126
0.58 1.199181082363019
0.59 1.197605950925153
0.6 1.195936505493008
0.61 1.1941760984949645
0.62 1.192335878903509
0.63 1.1904385915277684
0.64 1.188518212845952
0.65 1.1866156990814172
0.66 1.1847721982349662
0.67 1.183022492893721
0.68 1.1813923665097577
0.69 1.179901478176867
0.7 1.1785697197950502
0.71 1.17742286033429
0.72 1.1764952957672672
0.73 1.1758320154808526
0.74 1.175489789640945
0.75 1.175530596594681
0.76 1.176002781711118
0.77 1.1769193441159125
0.78 1.1782490011495121
0.79 1.179923449481329
0.8 1.181851323373574
0.81 1.183931922003505
0.82 1.1860671331948909
0.83 1.1881687451523102
0.84 1.1901605458502995
0.85 1.1919806674046134
0.86 1.1935868397893208
0.87 1.1949586096253153
0.88 1.196095766743034
0.89 1.1970198228333686
0.9 1.1977751881414387
0.91 1.1984219035595836
0.92 1.1990225130847372
0.93 1.199629628567629
0.94 1.2002787818388674
0.95 1.2009892921398349
0.96 1.2017671287959497
0.97 1.202603027109917
0.98 1.2034735707756583
0.99 1.2043518824565296
1.0 1.2052178821414476
1.01 1.2060590215371192
1.02 1.2068652198709853
1.03 1.2076257418463885
1.04 1.208331788024806
1.05 1.2089801201682202
1.06 1.2095706189122626
1.07 1.2101001418559745
1.08 1.2105582566440067
1.09 1.2109259371262986
1.1 1.2111803339193548
1.11 1.211304256367067
1.12 1.2112893453777192
1.13 1.2111297227951041
1.14 1.2108163719698075
1.15 1.2103404300815042
1.16 1.2097007046089885
1.17 1.20890596114505
1.18 1.2079710800029946
1.19 1.206910630013096
1.2 1.2057320500505961
1.21 1.2044320224117735
1.22 1.2029985098936369
1.23 1.2014170817441738
1.24 1.1996781454470307
1.25 1.1977823369018836
1.26 1.1957431812211452
1.27 1.1935869859699413
1.28 1.1913493576367533
1.29 1.1890683866354095
1.3 1.18677784936778
1.31 1.1845051382773537
1.32 1.1822758529959412
1.33 1.18012240082703
1.34 1.1780895318141997
1.35 1.1762313381022649
1.36 1.1746028920002485
1.37 1.1732525954231268
1.38 1.1722174754791583
1.39 1.1715239182635506
1.4 1.1711946258046093
1.41 1.1712550885507278
1.42 1.171727674179342
1.43 1.172611169839706
1.44 1.1738663479555405
1.45 1.1754233478280625
1.46 1.177198461222772
1.47 1.1791070632911007
1.48 1.181071774796811
