0.0 4.771406233653946
0.01 4.771414063234133
0.02 4.771536683433155
0.03 4.771820675011672
0.04 4.7722737357919565
0.05 4.772850688762929
0.06 4.77344620978444
0.07 4.773913621672949
0.08 4.7741040831184804
0.09 4.773903365564692
0.1 4.773248883501063
0.11 4.772124164143851
0.12 4.770549127507003
0.13 4.768587478201361
0.14 4.766356253814196
0.15 4.764012222897106
0.16 4.761722286726068
0.17 4.759633102958256
0.18 4.757849144246153
0.19 4.75643084902121
0.2 4.755411385522635
0.21 4.754812705038568
0.22 4.754646379347933
0.23 4.754906793755352
0.24 4.7555677323831995
0.25 4.756580820326182
0.26 4.757875369816739
0.27 4.759358105439992
0.28 4.760911490589136
0.29 4.762405633307853
0.3 4.763731760323616
0.31 4.76482986637136
0.32 4.765681610671402
0.33 4.766284907182285
0.34 4.76664225882849
0.35 4.766762421096777
0.36 4.76666246928853
0.37 4.766368131442354
0.38 4.765911220582128
0.39 4.765324722414466
0.4 4.7646397932674125
0.41 4.763883347279218
0.42 4.763076112826782
0.43 4.762236040002739
0.44 4.7613825073560765
0.45 4.7605354271220905
0.46 4.7597185578139785
0.47 4.758973014844782
0.48 4.7583585602273555
0.49 4.757927823390108
0.5 4.757704218525346
0.51 4.757684113197922
0.52 4.757844722722075
0.53 4.758151607736683
0.54 4.758572263619454
0.55 4.759086919413031
0.56 4.759687657271311
0.57 4.760368576279845
0.58 4.761114428289582
0.59 4.761897332588269
0.6 4.76268266744082
0.61 4.763436260030351
0.62 4.764133164241385
0.63 4.764766095458144
0.64 4.765343920627545
0.65 4.765881659352134
0.66 4.766389815256466
0.67 4.766867379087518
0.68 4.767298805356118
0.69 4.767653441739382
0.7 4.76788928908444
0.71 4.767959187384491
0.72 4.767815509229244
0.73 4.767420876486894
0.74 4.76676967838912
0.75 4.765902516107226
0.76 4.764897374641207
0.77 4.7638457300986605
0.78 4.762827588425364
0.79 4.761899905772513
0.8 4.761108432199427
0.81 4.7605058009751104
0.82 4.760152341739664
0.83 4.760104528832683
0.84 4.760407860023555
0.85 4.761091228647462
0.86 4.762155419233518
0.87 4.763569109731005
0.88 4.765273907657338
0.89 4.767183018854154
0.9 4.769182337287129
0.91 4.771143100449111
0.92 4.772938565295096
0.93 4.774465900544753
0.94 4.775667817629631
0.95 4.776534215909361
0.96 4.77707797529407
0.97 4.777309398941847
0.98 4.777237562828756
0.99 4.77689108076627
1.0 4.776328214299406
1.01 4.775622269989236
1.02 4.774839291087719
1.03 4.774032507203982
1.04 4.7732459125862885
1.05 4.772502702982205
1.06 4.771794308018047
1.07 4.771103259817473
1.08 4.77043746512512
1.09 4.769832445903485
1.1 4.769326464293709
1.11 4.7689383153435205
1.12 4.768665529102407
1.13 4.768503792524332
1.14 4.768469563636664
1.15 4.768600641649025
1.16 4.768929297143521
1.17 4.769452742810933
1.18 4.770130153647835
1.19 4.770906138854208
1.2 4.77173315542449
1.21 4.772576716076619
1.22 4.773412374261411
1.23 4.77421961185802
1.24 4.7749720803177365
1.25 4.775634357753215
1.26 4.776166573208912
1.27 4.776529489530695
1.28 4.7766948009944725
1.29 4.7766606171262955
1.3 4.776460173632756
1.31 4.776156198467591
1.32 4.77581936150631
1.33 4.775493391322729
1.34 4.775161319389559
1.35 4.774736463300307
1.36 4.77408565247868
1.37 4.773071812546951
1.38 4.771598434574542
1.39 4.769636221465982
1.4 4.767220782369101
1.41 4.764430811971078
1.42 4.761369540667895
1.43 4.758156577880255
1.44 4.7549107237992185
1.45 4.751724309673899
1.46 4.748655901341015
1.47 4.745743922508116
1.48 4.7430257826150255
