0.0 0.24449745223411234
0.01 0.24436299110044946
0.02 0.2440146157898102
0.03 0.2432933624248541
0.04 0.2421175329276002
0.05 0.2405150671622689
0.06 0.23863029391165824
0.07 0.23669676776202841
0.08 0.23497492145421184
0.09 0.23368033344865324
0.1 0.23293921178806087
0.11 0.23277687375261547
0.12 0.2331260651670526
0.13 0.23384112821398073
0.14 0.23472475013674554
0.15 0.235574112922583
0.16 0.23622271758335955
0.17 0.2365650346152135
0.18 0.2365662839153897
0.19 0.23624854224198
0.2 0.23565536777497087
0.21 0.23480860036175244
0.22 0.23367104245642878
0.23 0.23213820114674633
0.24 0.23006569232381846
0.25 0.227296674552953
0.26 0.2236677247401877
0.27 0.21902876222351697
0.28 0.2132899068315517
0.29 0.20644710993950266
0.3 0.1985687452271483
0.31 0.1897755627197446
0.32 0.18023745258125334
0.33 0.17017821796644927
0.34 0.15985182873727055
0.35 0.14948182937353316
0.36 0.13921448459284136
0.37 0.12912460129769876
0.38 0.11924594008473921
0.39 0.10958336652770484
0.4 0.10011723847609488
0.41 0.09081868674751892
0.42 0.08165675822838825
0.43 0.07259522300316235
0.44 0.06360016316439321
0.45 0.054654751261128176
0.46 0.045759263637727976
0.47 0.03691324557048414
0.48 0.02810990311509176
0.49 0.019357652153773053
0.5 0.010689135463329613
0.51 0.0021404689941615374
0.52 -0.0062514165572800096
0.53 -0.014431987201016128
0.54 -0.022344851520535336
0.55 -0.029957405025067274
0.56 -0.037249651544087214
0.57 -0.044192650058512584
0.58 -0.05074528283524149
0.59 -0.05686291363880347
0.6 -0.06251061002365255
0.61 -0.06767758277968206
0.62 -0.07238820071110297
0.63 -0.07668933054255334
0.64 -0.08060951690414342
0.65 -0.08412868223743253
0.66 -0.08717889046579952
0.67 -0.08966217021442713
0.68 -0.09147423362385787
0.69 -0.09251980391951076
0.7 -0.09271213568005265
0.71 -0.09196791577800312
0.72 -0.09021046576001712
0.73 -0.08739182535158196
0.74 -0.08352636387327461
0.75 -0.07870002215619021
0.76 -0.07303469014539399
0.77 -0.06663707988646994
0.78 -0.05957111145719196
0.79 -0.051861547260707574
0.8 -0.04351501012597225
0.81 -0.034544069678197786
0.82 -0.024978958477648305
0.83 -0.014854739175872211
0.84 -0.004196894910768023
0.85 0.006960041802447137
0.86 0.0185351472907902
0.87 0.03038591516490019
0.88 0.04232839544858802
0.89 0.05417717249113885
0.9 0.06578022543885087
0.91 0.07703883682548707
0.92 0.08792225465600634
0.93 0.09846727557644197
0.94 0.10874715329500617
0.95 0.11883789531087086
0.96 0.12881160735027208
0.97 0.13873673865711478
0.98 0.14866240144330156
0.99 0.1586003982280113
1.0 0.1685208143392387
1.01 0.17835859437317936
1.02 0.18802365374257413
1.03 0.19741099827592645
1.04 0.20641464486697014
1.05 0.21494766388634723
1.06 0.222945673168101
1.07 0.2303433178485923
1.08 0.2370674596716551
1.09 0.24306559801540661
1.1 0.24833003268324383
1.11 0.2528960971606784
1.12 0.2568269928534619
1.13 0.26019904208960654
1.14 0.263090022832305
1.15 0.2655782871511745
1.16 0.2677579628586235
1.17 0.2697417912307456
1.18 0.27163518819580634
1.19 0.27351432507825635
1.2 0.2754292929767992
1.21 0.27741401329950044
1.22 0.2794871021100471
1.23 0.2816491613525818
1.24 0.2838857647964792
1.25 0.28617580603838455
1.26 0.2884962362163561
1.27 0.2908165072711615
1.28 0.29308526996585105
1.29 0.29521606186057525
1.3 0.2970825454174406
1.31 0.29853647263935024
1.32 0.29945250626942066
1.33 0.29978334822769437
1.34 0.29958994085432344
1.35 0.29902592497379477
1.36 0.298293241015827
1.37 0.2975872582724346
1.38 0.29703798788669467
1.39 0.29667293410185724
1.4 0.296422658209349
1.41 0.2961592398404953
1.42 0.2957446381983324
1.43 0.2950690509433711
1.44 0.2940759879445203
1.45 0.29277078481413277
1.46 0.29120140461430033
1.47 0.2894192295153637
1.48 0.28744206187985544
