0.0 -1.4867526508370195
0.01 -1.4893412288009924
0.02 -1.4919107689702065
0.03 -1.4944185879604102
0.04 -1.4968258838419661
0.05 -1.4990190443336058
0.06 -1.500772404422658
0.07 -1.50177231209372
0.08 -1.5016541602093656
0.09 -1.5000334287425288
0.1 -1.4965091862089381
0.11 -1.4906161486817298
0.12 -1.481770287699315
0.13 -1.469289421160188
0.14 -1.4524638882960739
0.15 -1.4306060874336826
0.16 -1.4031564256355638
0.17 -1.3699165147813859
0.18 -1.3312664448499416
0.19 -1.2882232280573014
0.2 -1.242340967969783
0.21 -1.1954675411968587
0.22 -1.1493815752702599
0.23 -1.105385603703433
0.24 -1.0640130054295893
0.25 -1.0250360493319661
0.26 -0.9878260952951186
0.27 -0.9519246799248613
0.28 -0.9175435308458093
0.29 -0.8857809509665255
0.3 -0.8585398674525715
0.31 -0.8381990058332276
0.32 -0.8270916168787146
0.33 -0.8268847926898841
0.34 -0.8380240003156603
0.35 -0.8594618394652986
0.36 -0.8888293384353148
0.37 -0.9229990224387432
0.38 -0.9588032176012673
0.39 -0.9936987171751257
0.4 -1.0262348576427733
0.41 -1.0561781934499104
0.42 -1.0842355507742854
0.43 -1.1114918342395432
0.44 -1.138795826890755
0.45 -1.1663351294604887
0.46 -1.1935680096132861
0.47 -1.219492516940651
0.48 -1.2430321081148108
0.49 -1.2633223922937544
0.5 -1.2798258742407098
0.51 -1.2923191342929612
0.52 -1.3007963587570144
0.53 -1.3052953564194785
0.54 -1.3057851313494893
0.55 -1.3022260645677948
0.56 -1.2946680410347158
0.57 -1.283331611222302
0.58 -1.268768193457389
0.59 -1.2520214707422448
0.6 -1.2346049162356336
0.61 -1.2182153933456625
0.62 -1.2042552013554362
0.63 -1.1934454913495878
0.64 -1.185798900000044
0.65 -1.180903331656312
0.66 -1.1782606363248278
0.67 -1.1774403041692465
0.68 -1.1779883949079006
0.69 -1.1792389274606219
0.7 -1.1802075085510615
0.71 -1.1796381525359227
0.72 -1.1761915167056594
0.73 -1.168829796443681
0.74 -1.1574392397731628
0.75 -1.1433195667633784
0.76 -1.128914514420447
0.77 -1.1168404244462988
0.78 -1.109076313990931
0.79 -1.1067203929570257
0.8 -1.1099283353394296
0.81 -1.117985750017307
0.82 -1.1297174585195515
0.83 -1.1439103352622917
0.84 -1.1594781743383744
0.85 -1.1755268207789955
0.86 -1.1914095992490443
0.87 -1.206734142299407
0.88 -1.2213161139424713
0.89 -1.2350931592860501
0.9 -1.248054207579179
0.91 -1.2602277488796836
0.92 -1.2716960636319028
0.93 -1.2825902262302131
0.94 -1.2930559234120649
0.95 -1.3032145468895897
0.96 -1.3131432441550968
0.97 -1.3228668599016684
0.98 -1.3323563739712765
0.99 -1.3415448782340942
1.0 -1.350365176480214
1.01 -1.35878477431651
1.02 -1.3668068041370032
1.03 -1.374446280901037
1.04 -1.38171244129473
1.05 -1.3885882736397837
1.06 -1.3950072277618148
1.07 -1.4008911245086684
1.08 -1.406240281175787
1.09 -1.4111471220987735
1.1 -1.4157056778281394
1.11 -1.4199490775193615
1.12 -1.4238833296164115
1.13 -1.4275555109221223
1.14 -1.4310804691492174
1.15 -1.4345874759680628
1.16 -1.4381492332122985
1.17 -1.4417950590057593
1.18 -1.4455566824042232
1.19 -1.4494446657171234
1.2 -1.4534106409829373
1.21 -1.4573917585534053
1.22 -1.4613738844557145
1.23 -1.465351807814689
1.24 -1.4692483608394395
1.25 -1.4729278545270361
1.26 -1.4762689413689674
1.27 -1.4792051821715302
1.28 -1.481726928034235
1.29 -1.4838750049333767
1.3 -1.4857483275398886
1.31 -1.4874807435448405
1.32 -1.4891382435328429
1.33 -1.4906134936140432
1.34 -1.4916002542230813
1.35 -1.4916237711845843
1.36 -1.490087642593254
1.37 -1.486319787180562
1.38 -1.4796219262255157
1.39 -1.469318459453485
1.4 -1.4547737654753448
1.41 -1.4354245576023859
1.42 -1.4108780747820533
1.43 -1.3810140985236852
1.44 -1.3460603277296985
1.45 -1.306667794744703
1.46 -1.2639813277774676
1.47 -1.2196995430182387
1.48 -1.1760651009472483
