0.0 -1.2654250823161566
0.01 -1.2601452648220843
0.02 -1.2545618435054493
0.03 -1.24945572928562
0.04 -1.2455790715572101
0.05 -1.2434457669254688
0.06 -1.243092256281507
0.07 -1.2439762963641985
0.08 -1.2450454507927615
0.09 -1.2448026390512927
0.1 -1.2413655363464882
0.11 -1.232796369941628
0.12 -1.2178787797300297
0.13 -1.1970506616099148
0.14 -1.1727479030304577
0.15 -1.1486441179257127
0.16 -1.1282605921508146
0.17 -1.1139519000453917
0.18 -1.1067200350406963
0.19 -1.1064698434386981
0.2 -1.1122129229915152
0.21 -1.1222765660238299
0.22 -1.134751094617227
0.23 -1.1480360814248236
0.24 -1.161121947033466
0.25 -1.1735007119304086
0.26 -1.184965886396173
0.27 -1.1955051375201369
0.28 -1.2052267674606472
0.29 -1.2142832801237757
0.3 -1.222844605802798
0.31 -1.2310877169394625
0.32 -1.2391511697085518
0.33 -1.2470795439667866
0.34 -1.254813555468015
0.35 -1.2622592270164064
0.36 -1.2693828332781885
0.37 -1.276228446522064
0.38 -1.2828434984334405
0.39 -1.2892226896939416
0.4 -1.295349042433474
0.41 -1.301251157884907
0.42 -1.306993189902049
0.43 -1.3126297463490153
0.44 -1.31817214057296
0.45 -1.3235984953892808
0.46 -1.3288946694586503
0.47 -1.3340584540927476
0.48 -1.3390782860987285
0.49 -1.343953671266597
0.5 -1.3487382181835352
0.51 -1.35353981295742
0.52 -1.3584831580417087
0.53 -1.3636791496698621
0.54 -1.3692009344340565
0.55 -1.375058178596083
0.56 -1.3811918780901364
0.57 -1.3875074304734407
0.58 -1.3939332282017087
0.59 -1.4004536226641968
0.6 -1.4070731930339169
0.61 -1.4137561533674257
0.62 -1.4204147723217613
0.63 -1.4269190850112787
0.64 -1.4330721395395782
0.65 -1.4386016318286559
0.66 -1.4432094370419781
0.67 -1.4466234366621418
0.68 -1.448626966954588
0.69 -1.449081528240273
0.7 -1.4479218908615379
0.71 -1.4450978093017706
0.72 -1.4404887283898247
0.73 -1.43387071590515
0.74 -1.4249296359330086
0.75 -1.4132575199976851
0.76 -1.398406840313505
0.77 -1.3800327255548641
0.78 -1.3579586702905582
0.79 -1.3321063049771111
0.8 -1.3024335216529415
0.81 -1.268979955606345
0.82 -1.2319909260999191
0.83 -1.1920380089432445
0.84 -1.1500562242250343
0.85 -1.107314441465764
0.86 -1.0653572036460979
0.87 -1.0257127797066055
0.88 -0.9892710750499578
0.89 -0.9558686254196322
0.9 -0.9245634318843088
0.91 -0.8943380252215469
0.92 -0.8647758003446002
0.93 -0.8364846015060632
0.94 -0.8111277265308203
0.95 -0.7911054008048097
0.96 -0.7790459622780332
0.97 -0.7771437900067566
0.98 -0.7865006624062341
0.99 -0.8067929230387572
1.0 -0.8363345331486514
1.01 -0.8724277335566875
1.02 -0.9120204767934723
1.03 -0.9524971128968636
1.04 -0.9921344011041082
1.05 -1.0300824104645852
1.06 -1.0660986284147969
1.07 -1.1001899518056666
1.08 -1.1323157138859905
1.09 -1.1622672890768744
1.1 -1.1896674741703386
1.11 -1.2140829474635613
1.12 -1.2352432272895397
1.13 -1.25320496357363
1.14 -1.268320935157619
1.15 -1.2810332265048028
1.16 -1.2916348063897076
1.17 -1.3001696599403973
1.18 -1.3065376523651122
1.19 -1.310690937356601
1.2 -1.3127588144148983
1.21 -1.313052339341795
1.22 -1.3120115988255185
1.23 -1.3101401672100415
1.24 -1.3078480983168834
1.25 -1.305259306773122
1.26 -1.3021930967864068
1.27 -1.298303477973053
1.28 -1.2933236734133904
1.29 -1.2873659885029651
1.3 -1.2809963499403287
1.31 -1.2750071468695667
1.32 -1.2701521762412273
1.33 -1.2669760488577269
1.34 -1.2656597239258112
1.35 -1.2658219781925522
1.36 -1.266312694909205
1.37 -1.2651875672941975
1.38 -1.26004520377721
1.39 -1.2486963998156848
1.4 -1.2301486832963304
1.41 -1.2055814939273883
1.42 -1.1783355504974287
1.43 -1.1525819467748626
1.44 -1.1316932425996176
1.45 -1.117332501350984
1.46 -1.109418314485135
1.47 -1.1065471252169443
1.48 -1.1063894351379946
