0.0 -0.5532856884513953
0.01 -0.5548333584358227
0.02 -0.5563373151251145
0.03 -0.5576961334001691
0.04 -0.5588384824879791
0.05 -0.5597756082408898
0.06 -0.5605994447134517
0.07 -0.5614078650622378
0.08 -0.5622175198612762
0.09 -0.5629500927955746
0.1 -0.5634933462033151
0.11 -0.5637216701976584
0.12 -0.5634444599172799
0.13 -0.5624034458409861
0.14 -0.5603692364228783
0.15 -0.5572569419351892
0.16 -0.5531980019702152
0.17 -0.5485496465629502
0.18 -0.5438407658260065
0.19 -0.5396678493659666
0.2 -0.5365588389808513
0.21 -0.5348617518172301
0.22 -0.5347208464326627
0.23 -0.5361036291900207
0.24 -0.5388074530211817
0.25 -0.5424539405509448
0.26 -0.546523989515749
0.27 -0.5504640379902632
0.28 -0.5538104261796697
0.29 -0.5562461766185898
0.3 -0.5576138801232409
0.31 -0.5579522335553131
0.32 -0.5575293946210342
0.33 -0.5568166093034739
0.34 -0.5563863154089237
0.35 -0.556755207169787
0.36 -0.5582631530888156
0.37 -0.5610626572505879
0.38 -0.5651662006402569
0.39 -0.5704636102754703
0.4 -0.5767081590777519
0.41 -0.5835461084477114
0.42 -0.5906127589309609
0.43 -0.5976023711367393
0.44 -0.6042569529556348
0.45 -0.6103432717181407
0.46 -0.6156710594107144
0.47 -0.6201361995581545
0.48 -0.6237527787060841
0.49 -0.626618861664026
0.5 -0.6288179410098644
0.51 -0.6303552756914428
0.52 -0.6311919042368785
0.53 -0.6313176149032831
0.54 -0.6307873814258151
0.55 -0.6297181246618022
0.56 -0.6282647379050257
0.57 -0.6265914435431617
0.58 -0.6248494426858855
0.59 -0.6231497357421203
0.6 -0.6215338170264983
0.61 -0.6199698011254924
0.62 -0.6183885781379193
0.63 -0.616731459285857
0.64 -0.6149602118251716
0.65 -0.6130313172373283
0.66 -0.6108900396168835
0.67 -0.6085051946847901
0.68 -0.6058976712647093
0.69 -0.6031301713767965
0.7 -0.6002902399787944
0.71 -0.597493294708813
0.72 -0.5948855179628003
0.73 -0.5926136791990562
0.74 -0.590754590028169
0.75 -0.5892735894273855
0.76 -0.5880765912308732
0.77 -0.5870860978023504
0.78 -0.5862621922854725
0.79 -0.5856083904903562
0.8 -0.5851964310419016
0.81 -0.5851610883276788
0.82 -0.5856460331883069
0.83 -0.5867536275714116
0.84 -0.5885264157998797
0.85 -0.5909300311941506
0.86 -0.5938202389425706
0.87 -0.5969205259267145
0.88 -0.5998473181164385
0.89 -0.6021716378641786
0.9 -0.6034569867145692
0.91 -0.6032946455454189
0.92 -0.6013948862990643
0.93 -0.5976452995946282
0.94 -0.5920601728247448
0.95 -0.5847316410120742
0.96 -0.5758506854446033
0.97 -0.5657160410341628
0.98 -0.5546994267648184
0.99 -0.5432119443075711
1.0 -0.5316755033928375
1.01 -0.5204859446597077
1.02 -0.5099866805135491
1.03 -0.5004684037930955
1.04 -0.4921729279360987
1.05 -0.4852832470665813
1.06 -0.4799218940525334
1.07 -0.476165539717206
1.08 -0.47405930183400624
1.09 -0.4736229179791991
1.1 -0.4748430141529161
1.11 -0.47766323012307677
1.12 -0.4819856972276719
1.13 -0.48767038102272764
1.14 -0.49453289019841407
1.15 -0.5023743469204138
1.16 -0.5110331647904278
1.17 -0.5203815148215956
1.18 -0.5302676365157382
1.19 -0.5404897536288988
1.2 -0.550808982300083
1.21 -0.5609672294279671
1.22 -0.5707193561492616
1.23 -0.5798811251615925
1.24 -0.5883710301647467
1.25 -0.5962213374661571
1.26 -0.603534340321068
1.27 -0.6103996456863081
1.28 -0.6168361066304149
1.29 -0.6227843316741861
1.3 -0.628128505970357
1.31 -0.6327378861048394
1.32 -0.6365110994297694
1.33 -0.6393950368163672
1.34 -0.641378808158866
1.35 -0.6424918371339299
1.36 -0.6428047515093351
1.37 -0.6423942302961834
1.38 -0.641280432190773
1.39 -0.6393849223129102
1.4 -0.636520106184828
1.41 -0.6324218468511749
1.42 -0.6268789981997624
1.43 -0.6199019143874098
1.44 -0.6117270520054285
1.45 -0.602651584182488
1.46 -0.5929306226562403
1.47 -0.5827984155125199
1.48 -0.5724846419005205
