0.0 0.09784314256530369
0.01 0.09898117148972307
0.02 0.10068433290766698
0.03 0.10362115078287992
0.04 0.10828550363337008
0.05 0.11496257837695723
0.06 0.12371804711492906
0.07 0.13444155816235703
0.08 0.14694671311206964
0.09 0.16108674218401475
0.1 0.1768384884874159
0.11 0.19433240333590884
0.12 0.21384312425136898
0.13 0.23576251810357274
0.14 0.2605510476968984
0.15 0.28866167002369725
0.16 0.32045741209596734
0.17 0.3561351000340691
0.18 0.3956580502051814
0.19 0.43872492641326133
0.2 0.48481245164223097
0.21 0.5333067056164644
0.22 0.583664319863221
0.23 0.6354979844962747
0.24 0.6885309395058634
0.25 0.7424461946898822
0.26 0.7967373576262204
0.27 0.8506676838347582
0.28 0.9033416550156135
0.29 0.95383771672308
0.3 1.0013441041696103
0.31 1.0452285253383504
0.32 1.0850150295576526
0.33 1.1203191339950678
0.34 1.1508088815659976
0.35 1.1762148212928558
0.36 1.1963688119583367
0.37 1.2112272112741875
0.38 1.2208490137223373
0.39 1.225354420775969
0.4 1.2249014555149547
0.41 1.2196771728412088
0.42 1.2098841739538573
0.43 1.1957128723392678
0.44 1.1773085370547305
0.45 1.1547640962181047
0.46 1.1281517066851556
0.47 1.0975559125429664
0.48 1.0630657339156775
0.49 1.0247427177919004
0.5 0.9826083509565864
0.51 0.9366505351307302
0.52 0.8868261221203246
0.53 0.8330713402178516
0.54 0.7753580438894847
0.55 0.7137967743040248
0.56 0.6487470804972899
0.57 0.5809030563988271
0.58 0.5113369516020674
0.59 0.441489947799818
0.6 0.3730858090085434
0.61 0.3079562954501025
0.62 0.24784237016099553
0.63 0.19424639625868423
0.64 0.14835973700230642
0.65 0.11107120040583762
0.66 0.08302177803792521
0.67 0.0646208452263588
0.68 0.05596169890595615
0.69 0.056665673025050545
0.7 0.0657558999103367
0.71 0.0816480102242565
0.72 0.10228695492701423
0.73 0.12542001902735045
0.74 0.14898328051519805
0.75 0.17153847845841774
0.76 0.19258638387757454
0.77 0.2124981442649494
0.78 0.23198689391010863
0.79 0.25145255904870556
0.8 0.2706646070361929
0.81 0.2889147878253864
0.82 0.30540851300270244
0.83 0.3195985575235891
0.84 0.33132184791923613
0.85 0.3407479234981601
0.86 0.3482140399206921
0.87 0.35405436475878105
0.88 0.3585019128142868
0.89 0.36167383920324436
0.9 0.36361588658575794
0.91 0.3643701740640255
0.92 0.36402616746200955
0.93 0.3627382676091173
0.94 0.36071545435208563
0.95 0.3581781590691193
0.96 0.3552924985682795
0.97 0.35213590650162274
0.98 0.3487167666902371
0.99 0.34500268779689325
1.0 0.34093006756152366
1.01 0.33641353658230333
1.02 0.33136598726342825
1.03 0.32570967998820155
1.04 0.3193646546318849
1.05 0.3122381685656448
1.06 0.3042507434689039
1.07 0.2953923053666694
1.08 0.2857463030992715
1.09 0.27544893221472844
1.1 0.2646274675207838
1.11 0.25337284180919006
1.12 0.24176389341435378
1.13 0.22991169554741653
1.14 0.217973613639578
1.15 0.206125035248224
1.16 0.19451776197926485
1.17 0.18325523343356132
1.18 0.1723902816784939
1.19 0.16193487704950904
1.2 0.1518751427978371
1.21 0.14219381481298754
1.22 0.13289599874320324
1.23 0.12402552984122828
1.24 0.1156689795532353
1.25 0.10795542903797006
1.26 0.10105960113771317
1.27 0.09520933615692595
1.28 0.09069207357692477
1.29 0.0878473876686785
1.3 0.08703177506578719
1.31 0.08855728058062695
1.32 0.09262102270052708
1.33 0.09925448111588508
1.34 0.10832093200114645
1.35 0.11956048694544208
1.36 0.13266364547013065
1.37 0.14736229039374305
1.38 0.16352536089973313
1.39 0.181234929222434
1.4 0.2008113874858024
1.41 0.22276585324098708
1.42 0.24769145123915148
1.43 0.2761301900134363
1.44 0.3084400968241985
1.45 0.3446746976529127
1.46 0.3844898569921211
1.47 0.4270845401776926
1.48 0.471200159719638
