0.0 -0.38014592785090384
0.01 -0.39033485126760414
0.02 -0.4011361623571701
0.03 -0.41190558952143164
0.04 -0.42172022585071467
0.05 -0.4293691532308799
0.06 -0.4338723778039739
0.07 -0.43508035933587186
0.08 -0.43378439276222025
0.09 -0.4313771440123926
0.1 -0.42937700476441387
0.11 -0.42896481838667766
0.12 -0.43058994322502464
0.13 -0.43388082898145885
0.14 -0.43797397910383085
0.15 -0.44179736173347806
0.16 -0.44405931205209503
0.17 -0.443350806557532
0.18 -0.4384375619927843
0.19 -0.4286420398572104
0.2 -0.4143401643540541
0.21 -0.3971224032895453
0.22 -0.37930877148307385
0.23 -0.3632094008736324
0.24 -0.35052433424313456
0.25 -0.34199622507269556
0.26 -0.33741270429488646
0.27 -0.335925712350861
0.28 -0.3364761615557019
0.29 -0.33812524721328785
0.3 -0.340190426191171
0.31 -0.3422458289937409
0.32 -0.34409655215185353
0.33 -0.34573572572372013
0.34 -0.3472619866517941
0.35 -0.34877014039076304
0.36 -0.3502691321207694
0.37 -0.3516937737002528
0.38 -0.35299964014274066
0.39 -0.3542089419711596
0.4 -0.355338045868685
0.41 -0.3563449947385706
0.42 -0.35717493620867513
0.43 -0.35782075067742314
0.44 -0.3583573919635996
0.45 -0.35891039283028947
0.46 -0.3595696719176624
0.47 -0.3603734082523258
0.48 -0.3613611905317562
0.49 -0.36257760563864627
0.5 -0.36402175553427574
0.51 -0.3656261925557378
0.52 -0.3672837102043367
0.53 -0.3688877483783406
0.54 -0.3703755265712254
0.55 -0.37175863500483786
0.56 -0.37312072795863127
0.57 -0.3745829302590149
0.58 -0.3762485697823146
0.59 -0.3781798012936588
0.6 -0.38044668106251534
0.61 -0.3831858988966892
0.62 -0.38659657008348525
0.63 -0.39091024130302054
0.64 -0.39640006738363986
0.65 -0.40338870109666347
0.66 -0.41219474371008324
0.67 -0.42306867680592397
0.68 -0.436161519843449
0.69 -0.4515086671362907
0.7 -0.4690608553418558
0.71 -0.4887869044706745
0.72 -0.5107823403031548
0.73 -0.5352987234399866
0.74 -0.5627199050004834
0.75 -0.5935572771039332
0.76 -0.6283767169478303
0.77 -0.6675872051631431
0.78 -0.7112635826035785
0.79 -0.7591088371730059
0.8 -0.8104286973499075
0.81 -0.8640497489416594
0.82 -0.9182054639300721
0.83 -0.9704111519708909
0.84 -1.0174172817438683
0.85 -1.055238375985585
0.86 -1.0791906715501542
0.87 -1.084316558637509
0.88 -1.0665320755654188
0.89 -1.0238973421417006
0.9 -0.9573518892323256
0.91 -0.8709559489227403
0.92 -0.7716609482741252
0.93 -0.6684787620690553
0.94 -0.5710414156456656
0.95 -0.48759615586052885
0.96 -0.423080401107617
0.97 -0.3785177296788298
0.98 -0.351999822779149
0.99 -0.34023541081332276
1.0 -0.33976593251905296
1.01 -0.3474876222444072
1.02 -0.36038085605914016
1.03 -0.37498415454997946
1.04 -0.387604923735517
1.05 -0.39538152727163745
1.06 -0.39722766595113423
1.07 -0.39389861576089924
1.08 -0.38724258039200166
1.09 -0.3792398997751709
1.1 -0.37142033931485585
1.11 -0.3647072384482657
1.12 -0.35943442859749375
1.13 -0.3554683807186869
1.14 -0.3524488245725572
1.15 -0.35003760171522336
1.16 -0.34806584177338973
1.17 -0.34653497521296206
1.18 -0.3454538533957465
1.19 -0.3446723310334381
1.2 -0.3439394986521491
1.21 -0.343131341907017
1.22 -0.3423927793481205
1.23 -0.34209664576278875
1.24 -0.34274896179994485
1.25 -0.3448927953814409
1.26 -0.3489888204289673
1.27 -0.355356559576149
1.28 -0.36409302782512265
1.29 -0.37493077832353805
1.3 -0.38727488796409837
1.31 -0.40031873176160815
1.32 -0.4129476043759954
1.33 -0.4236847625712601
1.34 -0.431100188022159
1.35 -0.43453311501085334
1.36 -0.4345925596991451
1.37 -0.43300627047792606
1.38 -0.43183689968386174
1.39 -0.4325497044645976
1.4 -0.4353917163107819
1.41 -0.43947232304462513
1.42 -0.4435527049870531
1.43 -0.44657664186769486
1.44 -0.4475084151023272
1.45 -0.44533665014177304
1.46 -0.4394818344471161
1.47 -0.4301869865146126
1.48 -0.41881670249930547
