0.0 -0.16322344914255638
0.01 -0.16661921245517952
0.02 -0.1699503712892083
0.03 -0.17310345937207838
0.04 -0.17593761215622905
0.05 -0.17826923578382914
0.06 -0.1798750340795845
0.07 -0.18052098500938474
0.08 -0.18001172797920262
0.09 -0.17822808179305127
0.1 -0.17513479593912695
0.11 -0.17078063815413014
0.12 -0.16529949077324346
0.13 -0.1588884090991307
0.14 -0.1517523418876534
0.15 -0.1440467627888502
0.16 -0.13585492474159722
0.17 -0.1271960201086415
0.18 -0.11804291081232776
0.19 -0.10834980654431181
0.2 -0.0980932840483959
0.21 -0.08731014453587438
0.22 -0.07611109312859288
0.23 -0.06467202760812718
0.24 -0.05321604453719164
0.25 -0.04198976126149123
0.26 -0.031239048513363343
0.27 -0.02117747803202441
0.28 -0.011940850783497936
0.29 -0.0035595846645319895
0.3 0.0040294291372431346
0.31 0.010960960079822613
0.32 0.017431317180258254
0.33 0.02368387957616136
0.34 0.02997455360478085
0.35 0.03652189295438735
0.36 0.04346076449404279
0.37 0.050823055101564485
0.38 0.05855726488126489
0.39 0.06656824390248328
0.4 0.07474199653898861
0.41 0.08294874966527654
0.42 0.09104511719810215
0.43 0.09888607371131819
0.44 0.10634386375652838
0.45 0.11332549941752212
0.46 0.1197717765455808
0.47 0.12563980815610698
0.48 0.13089877352465606
0.49 0.1355406752232815
0.5 0.13957841135411453
0.51 0.14303715352157464
0.52 0.14596280072004397
0.53 0.14843034354221718
0.54 0.1505278005357269
0.55 0.15233008205725884
0.56 0.15388509283016027
0.57 0.1552212214825186
0.58 0.15636686292834856
0.59 0.15735522945483638
0.6 0.15820975789001857
0.61 0.15893219497981637
0.62 0.15950568826014067
0.63 0.15990623611782517
0.64 0.160110085502585
0.65 0.16009447734718396
0.66 0.15984385704058024
0.67 0.15936732860109615
0.68 0.15871223766427445
0.69 0.1579611761185964
0.7 0.1572174086744873
0.71 0.15658871766017235
0.72 0.15617595853689625
0.73 0.1560543186865999
0.74 0.1562359676549887
0.75 0.15665396773288354
0.76 0.1572004581431452
0.77 0.15777657110960597
0.78 0.15831493323346724
0.79 0.15878477846159456
0.8 0.15918216964094611
0.81 0.15950332318132077
0.82 0.1597240044782744
0.83 0.15979472129662398
0.84 0.1596381244181515
0.85 0.15914701568459755
0.86 0.15818476218746458
0.87 0.15658678234230905
0.88 0.15417753833388836
0.89 0.15080551260223896
0.9 0.14636661361930248
0.91 0.1408118482615892
0.92 0.1341566016428084
0.93 0.1264694750749511
0.94 0.11783349938515908
0.95 0.10832793441369581
0.96 0.09804904065156173
0.97 0.08712638340741297
0.98 0.07571174923900514
0.99 0.06396117616649821
1.0 0.05201669093562522
1.01 0.03999331091230829
1.02 0.027986265295664836
1.03 0.016085532280255777
1.04 0.004383924084165436
1.05 -0.007014851692849433
1.06 -0.018000685616819112
1.07 -0.028487599673771236
1.08 -0.038438759922951427
1.09 -0.047856085985063856
1.1 -0.056750200024494823
1.11 -0.06512148253373251
1.12 -0.07296728270829878
1.13 -0.08030434094521954
1.14 -0.08718175222570501
1.15 -0.09366571420887304
1.16 -0.09980414451762964
1.17 -0.1056102127381342
1.18 -0.11108067101721009
1.19 -0.11621995505245764
1.2 -0.12104969455951053
1.21 -0.12560838642268202
1.22 -0.12994165304387284
1.23 -0.13408001916886203
1.24 -0.13801515513186935
1.25 -0.14169208760263174
1.26 -0.1450257679251825
1.27 -0.14793328970355812
1.28 -0.1503610991669424
1.29 -0.15229647674852398
1.3 -0.15376356328581586
1.31 -0.15480084680761053
1.32 -0.15542260481147885
1.33 -0.1555827459313175
1.34 -0.15516335589020258
1.35 -0.1539901656376621
1.36 -0.1518639875637593
1.37 -0.1486099504881926
1.38 -0.14413610680540234
1.39 -0.13846875850093898
1.4 -0.13174774815835022
1.41 -0.12418441522578938
1.42 -0.11598763601289441
1.43 -0.10729800446974203
1.44 -0.09818897935563697
1.45 -0.08871796366505436
1.46 -0.07895397233841717
1.47 -0.06897815821022935
1.48 -0.05890040623321546
