0.0 -0.4896123918961246
0.01 -0.48661651119097105
0.02 -0.48465018383946035
0.03 -0.484545323654217
0.04 -0.48681521145078843
0.05 -0.4915237231978624
0.06 -0.498223047695058
0.07 -0.5060400404066296
0.08 -0.5139039849542648
0.09 -0.5208092836249207
0.1 -0.5259972166214446
0.11 -0.5290167558430214
0.12 -0.5297230563171968
0.13 -0.5282803219827272
0.14 -0.525140578543585
0.15 -0.5209290668483053
0.16 -0.5162283724888646
0.17 -0.5113513684550153
0.18 -0.5062547427564441
0.19 -0.5006559873269216
0.2 -0.4942426860221758
0.21 -0.48682701319552546
0.22 -0.4783977552660277
0.23 -0.46909739764828284
0.24 -0.4591535245958518
0.25 -0.4487830242696855
0.26 -0.4381184914647136
0.27 -0.42719273979936734
0.28 -0.41595535069636025
0.29 -0.4043129204367588
0.3 -0.39220039164636766
0.31 -0.3796261276104156
0.32 -0.36663486960122693
0.33 -0.35324124422320846
0.34 -0.3394200121983175
0.35 -0.32513820210477284
0.36 -0.3103727867873012
0.37 -0.2951166703017618
0.38 -0.279382959267104
0.39 -0.2631986723028463
0.4 -0.24660137121524706
0.41 -0.22964650255222452
0.42 -0.21240849597218148
0.43 -0.19497490681809548
0.44 -0.17744399669139455
0.45 -0.15992235774620678
0.46 -0.142528257413427
0.47 -0.12540597249823016
0.48 -0.10871368314927832
0.49 -0.09256746313436981
0.5 -0.07700560870501949
0.51 -0.06200686101089392
0.52 -0.0475154328192291
0.53 -0.03345503891043933
0.54 -0.019748066990037394
0.55 -0.006329209723624274
0.56 0.006854194483818077
0.57 0.01984134343608268
0.58 0.03265169826596637
0.59 0.04527747947142924
0.6 0.05767894353233238
0.61 0.06978476182070548
0.62 0.08149101313271423
0.63 0.09266462568459577
0.64 0.10316938191024505
0.65 0.11290700350734983
0.66 0.12184746034267757
0.67 0.1300328472596366
0.68 0.1375609965160507
0.69 0.14456446058953354
0.7 0.15118460077663443
0.71 0.15754373968561897
0.72 0.16372340204604807
0.73 0.16972769957117517
0.74 0.17542554546345723
0.75 0.18052405126390259
0.76 0.184611493601186
0.77 0.18723812587123145
0.78 0.18798657185331802
0.79 0.18650796958543125
0.8 0.1825169421994648
0.81 0.17577334199954464
0.82 0.1661004470896037
0.83 0.15343539634922365
0.84 0.13785205546926171
0.85 0.1195330139737063
0.86 0.09872484679659355
0.87 0.07570311756873771
0.88 0.05075744517847802
0.89 0.024204471307812447
0.9 -0.0035917788341901513
0.91 -0.03221862675212428
0.92 -0.06124055771948722
0.93 -0.09025356906807946
0.94 -0.11894385582445732
0.95 -0.1471067487736839
0.96 -0.17461236354643006
0.97 -0.20136412538069592
0.98 -0.22730040933885398
0.99 -0.2524211930017417
1.0 -0.27679504757383633
1.01 -0.30053124043992874
1.02 -0.32373535530109177
1.03 -0.3464833515114796
1.04 -0.36880448225390605
1.05 -0.39064002094126415
1.06 -0.41183178459284786
1.07 -0.4321968012441877
1.08 -0.45160780885239493
1.09 -0.4699950081869533
1.1 -0.48729058840019057
1.11 -0.5033825715407474
1.12 -0.5181296718676371
1.13 -0.5314163521712709
1.14 -0.5431783196955005
1.15 -0.5533716668466795
1.16 -0.5619234077429534
1.17 -0.5687067073083831
1.18 -0.5735546855791656
1.19 -0.5763122006030521
1.2 -0.576897970239866
1.21 -0.5753427686028889
1.22 -0.571805249219163
1.23 -0.5665684779917779
1.24 -0.560010677366721
1.25 -0.5525752061228326
1.26 -0.544761675254029
1.27 -0.5371198653002178
1.28 -0.530237407010552
1.29 -0.5247286115769318
1.3 -0.5212075612451699
1.31 -0.5202137086375078
1.32 -0.5220811672271619
1.33 -0.5267853655881165
1.34 -0.5338383841825474
1.35 -0.542310313016241
1.36 -0.5510031535133848
1.37 -0.5587212267924793
1.38 -0.5645251252867496
1.39 -0.5678730466140927
1.4 -0.5686312723777345
1.41 -0.5669960443629263
1.42 -0.5633871112775051
1.43 -0.5583336891811488
1.44 -0.5523229754466552
1.45 -0.5456669996763894
1.46 -0.5385215116542517
1.47 -0.5310461256002563
1.48 -0.5235470586276039
