0.0 -0.7214827101193713
0.01 -0.7205210918373721
0.02 -0.7194492868532425
0.03 -0.71812256377045
0.04 -0.7164334057469821
0.05 -0.7143572047238447
0.06 -0.7119679567159638
0.07 -0.7094407895607127
0.08 -0.7070153919182589
0.09 -0.7049215691931368
0.1 -0.7033260659240907
0.11 -0.7023074913779874
0.12 -0.7018290774602178
0.13 -0.7017244548903347
0.14 -0.7017428367562903
0.15 -0.7016420587687806
0.16 -0.7012728750618304
0.17 -0.7006230965651437
0.18 -0.6998042987601432
0.19 -0.699000463292526
0.2 -0.6984232251727533
0.21 -0.6982662541943521
0.22 -0.6986398386512276
0.23 -0.6995286715056181
0.24 -0.700802376380655
0.25 -0.7022239793126541
0.26 -0.7034423856893275
0.27 -0.7040381783056038
0.28 -0.7036188966343246
0.29 -0.7018930266974914
0.3 -0.6987061798441916
0.31 -0.6940632657333481
0.32 -0.6881514295160427
0.33 -0.6813450641873979
0.34 -0.6741407710483234
0.35 -0.6670128887455338
0.36 -0.6602877485950298
0.37 -0.654142910233106
0.38 -0.6486737056016088
0.39 -0.6439120806172749
0.4 -0.6398301549432936
0.41 -0.6363731119185472
0.42 -0.6334777791013835
0.43 -0.6310720782642409
0.44 -0.6290842292123617
0.45 -0.6274621884545599
0.46 -0.6261779992294478
0.47 -0.625205373202129
0.48 -0.6245156885210594
0.49 -0.6241149978243268
0.5 -0.6240441571554074
0.51 -0.6243125603772777
0.52 -0.624887347134516
0.53 -0.6257538979149038
0.54 -0.6269056901255938
0.55 -0.6282952350526472
0.56 -0.6298717743748279
0.57 -0.6316433297187647
0.58 -0.6336610960677724
0.59 -0.6359608315052467
0.6 -0.6385304633751732
0.61 -0.6412945356886501
0.62 -0.6441010254682853
0.63 -0.6467631481485707
0.64 -0.6491437074235042
0.65 -0.6511933712972517
0.66 -0.6529376566354665
0.67 -0.6544458968761893
0.68 -0.6557796216969312
0.69 -0.6569564194670798
0.7 -0.657972317399734
0.71 -0.658849536883916
0.72 -0.6596501690096508
0.73 -0.6604349994861636
0.74 -0.6611928413064234
0.75 -0.6618034872269014
0.76 -0.6620793893532086
0.77 -0.661861744624173
0.78 -0.6611097301412956
0.79 -0.6599344593187766
0.8 -0.6585755170312506
0.81 -0.6573534694781893
0.82 -0.6566214162922739
0.83 -0.656732926316673
0.84 -0.6580229285792374
0.85 -0.6607603205772019
0.86 -0.6650662145884549
0.87 -0.670855847299415
0.88 -0.677849620435885
0.89 -0.6856309306060551
0.9 -0.693710748115592
0.91 -0.7016094402945345
0.92 -0.7089678635300496
0.93 -0.7156176554062847
0.94 -0.7215453508352718
0.95 -0.7268133866488098
0.96 -0.7315198233710856
0.97 -0.735773318559354
0.98 -0.7396557328132758
0.99 -0.7432139194869434
1.0 -0.7464920327884661
1.01 -0.7495444867241048
1.02 -0.7523939194132812
1.03 -0.7549807040202614
1.04 -0.7571637013365864
1.05 -0.758765999931887
1.06 -0.7596103391831814
1.07 -0.7595245881500112
1.08 -0.7583657646950144
1.09 -0.7560632553551745
1.1 -0.7526180966581437
1.11 -0.7480649108318227
1.12 -0.7424608163794844
1.13 -0.7359347023806135
1.14 -0.7287395667638776
1.15 -0.7212252121177469
1.16 -0.7137683107757349
1.17 -0.7067177297671279
1.18 -0.7003472206589958
1.19 -0.6948389683322915
1.2 -0.6903111938688653
1.21 -0.6868380931648677
1.22 -0.6844298786453216
1.23 -0.6830031071275009
1.24 -0.6823842522765551
1.25 -0.6823479683603324
1.26 -0.6826573214633367
1.27 -0.6830865127008883
1.28 -0.6834253097489711
1.29 -0.6834825380751886
1.3 -0.6831131019203198
1.31 -0.682234830695216
1.32 -0.680809590923424
1.33 -0.6788369104562282
1.34 -0.6763653810215668
1.35 -0.6734899984843823
1.36 -0.6703388402259183
1.37 -0.6670355597678661
1.38 -0.6636376299094326
1.39 -0.66011328512168
1.4 -0.6563878832724805
1.41 -0.6524212148134794
1.42 -0.6482667851289774
1.43 -0.6440704232716685
1.44 -0.6400204987081874
1.45 -0.636298681724007
1.46 -0.6330238396764205
1.47 -0.6301895732090648
1.48 -0.6276416662708684
