14 13 0 0 0 0 0 0 16 0 0 0 3
0.7363866605737108 1.1900135960010791 4.771406233653946 0.0000 0.0000 0.0000 33.796 2.6149283804462167
0.7820587110911015 1.3105350617950935 1.9599839418672784 0.0000 0.0000 0.0000 5.508 0.14264906788008197
0.6221795449357662 1.3018830485165787 5.015903685888058 0.0000 0.0000 0.0000 1.9040000000000001 0.025976395436784063
0.5820051677239086 1.0322512555702057 4.294420975768687 0.0000 0.0000 0.0000 1.088 0.006589623518879322
0.8496342670147212 1.3224934861375188 4.608182784511389 0.0000 0.0000 0.0000 1.9040000000000001 0.026522197985889697
0.8064279189851702 0.9852780591328356 4.054897096059994 0.0000 0.0000 0.0000 1.088 0.006161977600208707
0.6690295693906327 0.7299797659607122 4.281793841757821 0.0000 0.0000 0.0000 6.800000000000001 0.12510357116220389
0.5187572162008107 0.3238250574348475 4.450429068487456 0.0000 0.0000 0.0000 3.162 0.05764034068452098
0.3971434024556624 0.07655327357453448 3.1850039861712998 0.0000 0.0000 0.0000 0.9860000000000001 0.0032948730474483537
0.28969603541782935 0.09024497938258 2.804858058320396 0.0000 0.0000 0.0000 0.40800000000000003 0.0010092525347572589
0.7810113151294243 0.7370111681337619 4.8719663738376315 0.0000 0.0000 0.0000 6.800000000000001 0.12551823845123636
0.8689969918722751 0.3112845358706104 4.969809516402935 0.0000 0.0000 0.0000 3.162 0.0582358230211912
0.8784845908756777 0.045204249695040936 3.4830568655659158 0.0000 0.0000 0.0000 0.9860000000000001 0.003274714800396042
0.7709955248943254 0.02179094365587417 3.203095120527509 0.0000 0.0000 0.0000 0.40800000000000003 0.0009369970914558431
1 2 -0.27816164663441356 0.0 -0.1625557397131338 0.0
1 3 -0.27816164663441356 0.0 -0.1581563337625307 0.0
3 4 0.20458755101391585	0.0 -0.11044388648014904 0.0
1 5 -0.27816164663441356 0.0 -0.15980924579638675 0.0
5 6 0.20672572162651862	0.0 -0.10680004532972273 0.0
1 7 0.27816164663441356	0.0 -0.18183009733571806 0.0
7 8 0.23810084339342294	0.0 -0.19358125011263935 0.0
8 9 0.2534886115793684 0.0 -0.06084953728724338	0.0
9 10 0.06084953728724338 0.0 -0.0497358841624903 0.0
1 11 0.27816164663441356 0.0 -0.18213119432653643 0.0
11 12 0.23849512051534913 0.0 -0.19457862467146736 0.0
12 13 0.2547946424681801 0.0 -0.06066311099943891 0.0
13 14 0.06066311099943891 0.0 -0.04792245297004612 0.0
4 1 0.0 2 0.0 0.0 0.0 0.0 4 1
4 1 0.0 3 0.0 0.0 0.0 0.0 4 2
4 3 0.0 4 0.0 0.0 0.0 0.0 4 3
4 1 0.0 5 0.0 0.0 0.0 0.0 4 4
4 5 0.0 6 0.0 0.0 0.0 0.0 4 5
4 1 0.0 7 0.0 0.0 0.0 0.0 4 6
4 7 0.0 8 0.0 0.0 0.0 0.0 4 7
4 8 0.0 9 0.0 0.0 0.0 0.0 4 8
4 9 0.0 10 0.0 0.0 0.0 0.0 4 9
4 1 0.0 11 0.0 0.0 0.0 0.0 4 10
4 11 0.0 12 0.0 0.0 0.0 0.0 4 11
4 12 0.0 13 0.0 0.0 0.0 0.0 4 12
4 13 0.0 14 0.0 0.0 0.0 0.0 4 13
3 1 1 0.0 0.0 0.0 0.0 0.0 4 14
3 1 2 0.0 0.0 0.0 0.0 0.0 4 15
3 1 3 0.0 0.0 0.0 0.0 0.0 4 16
13 4 1
9 4 2
13 4 3
0 -9.8
2 1
0.000000 0.010000 1.480000