0.0 0.0 -0.0 0.0 -0.304616328 0.0
0.01 -0.0 0.0 0.0 -0.304616328 0.0
0.02 -0.0 0.0 0.0 -0.304616328 0.0
0.03 -0.0 0.0 0.0 -0.304616328 0.0
0.04 0.0 -0.0 0.0 -0.304616328 0.0
0.05 0.0 -0.0 0.0 -0.304616328 0.0
0.06 -0.0 -0.0 0.0 -0.304616328 0.0
0.07 -0.0 0.0 0.0 -0.304616328 0.0
0.08 -0.0 0.0 0.0 -0.304616328 0.0
0.09 0.0 -0.0 0.0 -0.304616328 0.0
0.1 0.0 -0.0 0.0 -0.304616328 0.0
0.11 0.0 -0.0 0.0 -0.304616328 0.0
0.12 -0.0 0.0 0.0 -0.304616328 0.0
0.13 -0.0 0.0 0.0 -0.304616328 0.0
0.14 -0.0 0.0 0.0 -0.304616328 0.0
0.15 0.0 -0.0 0.0 -0.304616328 0.0
0.16 0.0 -0.0 0.0 -0.304616328 0.0
0.17 -0.0 -0.0 0.0 -0.304616328 0.0
0.18 -0.0 0.0 0.0 -0.304616328 0.0
0.19 -0.0 0.0 0.0 -0.304616328 0.0
0.2 0.0 0.0 0.0 -0.304616328 0.0
0.21 0.0 -0.0 0.0 -0.304616328 0.0
0.22 0.0 -0.0 0.0 -0.304616328 0.0
0.23 -0.0 0.0 0.0 -0.304616328 0.0
0.24 -0.0 0.0 0.0 -0.304616328 0.0
0.25 -0.0 0.0 0.0 -0.304616328 0.0
0.26 0.0 -0.0 0.0 -0.304616328 0.0
0.27 0.0 -0.0 0.0 -0.304616328 0.0
0.28 -0.0 -0.0 0.0 -0.304616328 0.0
0.29 -0.0 0.0 0.0 -0.304616328 0.0
0.3 -0.0 0.0 0.0 -0.304616328 0.0
0.31 0.0 0.0 0.0 -0.304616328 0.0
0.32 0.0 -0.0 0.0 -0.3046163281 0.0
0.33 0.0 -0.0 0.0 -0.3046163282 0.0
0.34 -0.0 0.0 0.0 -0.3046163283 0.0
0.35 -0.0 0.0 0.0 -0.3046163284 0.0
0.36 -0.0 0.0 0.0 -0.3046163284 0.0
0.37 0.0 -0.0 0.0 -0.3046163282 0.0
0.38 0.0 -0.0 0.0 -0.3046163275 0.0
0.39 -0.0 -0.0 0.0 -0.3046163262 0.0
0.4 -0.0 0.0 0.0 -0.3046163243 0.0
0.41 -0.0 0.0 0.0 -0.304616322 0.0
0.42 0.0 0.0 0.0 -0.3046163204 0.0
0.43 0.0 -0.0 0.0 -0.3046163215 0.0
0.44 0.0 -0.0 0.0 -0.3046163284 0.0
0.45 -0.0 0.0 0.0 -0.3046163449 0.0
0.46 -0.0 0.0 0.0 -0.3046163739 0.0
0.47 -0.0 0.0 0.0 -0.304616414 0.0
0.48 0.0 -0.0 0.0 -0.3046164551 0.0
0.49 0.0 -0.0 0.0 -0.3046164714 0.0
0.5 -0.0 -0.0 0.0 -0.3046164173 0.0
0.51 -0.0 0.0 0.0 -0.3046162278 0.0
0.52 -0.0 1e-06 0.0 -0.3046158343 0.0
0.53 0.0 0.0 0.0 -0.3046152038 0.0
0.54 1e-06 -6e-06 0.0 -0.3046144111 0.0
0.55 2e-06 -1.2e-05 0.0 -0.3046137439 0.0
0.56 -4e-06 6e-06 0.0 -0.3046138166 0.0
0.57 -1.6e-05 7.3e-05 0.0 -0.3046156343 0.0
0.58 -1.1e-05 0.000104 0.0 -0.3046204912 0.0
0.59 6.1e-05 -0.000174 0.0 -0.3046295355 0.0
0.6 0.00017 -0.000861 0.0 -0.3046428122 0.0
0.61 7e-06 -0.000736 0.0 -0.3046576637 0.0
0.62 -0.000852 0.003008 0.0 -0.3046666227 0.0
0.63 -0.001646 0.009438 0.0 -0.3046554512 0.0
0.64 0.001246 0.002448 0.0 -0.3046028165 0.0
0.65 0.010756 -0.043578 0.0 -0.3044841419 0.0
0.66 0.013937 -0.094739 0.0 -0.3042830574 0.0
0.67 -0.028629 0.043764 0.0 -0.304013773 0.0
0.68 -0.1252 0.566406 0.0 -0.3037552895 0.0
0.69 -0.090063 0.845382 0.0 -0.3036919248 0.0
0.7 0.469417 -1.297213 0.0 -0.3041426466 0.0
0.71 1.345782 -6.765227 0.0 -0.3055441215 0.0
0.72 0.14241 -6.14212 0.0 -0.308332717 0.0
0.73 -6.742818 24.16846 0.0 -0.3126588517 0.0
0.74 -16.76465 94.795307 0.0 -0.3180998266 0.0
0.75 -16.688591 172.127504 0.0 -0.3238315314 0.0
0.76 4.203418 213.910388 0.0 -0.3292023236 0.0
0.77 35.829405 224.161232 0.0 -0.3340466506 0.0
0.78 54.338455 234.02782 0.0 -0.3385658559 0.0
0.79 51.244653 257.174473 0.0 -0.3430741143 0.0
0.8 43.097499 284.935379 0.0 -0.3477611258 0.0
0.81 45.815981 305.922152 0.0 -0.3525871071 0.0
0.82 55.563589 321.897857 0.0 -0.3573511486 0.0
0.83 62.482887 342.591849 0.0 -0.3618103413 0.0
0.84 65.932004 373.020006 0.0 -0.3657746062 0.0
0.85 69.538628 413.180531 0.0 -0.3691540504 0.0
0.86 73.394986 460.83669 0.0 -0.3719421925 0.0
0.87 75.432642 510.059937 0.0 -0.3741849632 0.0
0.88 74.913863 553.563593 0.0 -0.3759741093 0.0
0.89 72.707043 588.247924 0.0 -0.3774415232 0.0
0.9 70.160461 615.37577 0.0 -0.3787382072 0.0
0.91 68.419183 636.738953 0.0 -0.3800047143 0.0
0.92 67.973827 653.207666 0.0 -0.3813422066 0.0
0.93 68.056295 665.541036 0.0 -0.3827998375 0.0
0.94 66.688543 674.527394 0.0 -0.38439419 0.0
0.95 62.334021 680.319373 0.0 -0.3861514328 0.0
0.96 55.737598 682.324155 0.0 -0.3881361216 0.0
0.97 49.327235 679.896541 0.0 -0.3904385915 0.0
0.98 44.738646 673.14369 0.0 -0.3931301474 0.0
0.99 41.792596 663.300856 0.0 -0.3962242165 0.0
1.0 39.758147 652.25796 0.0 -0.3996730297 0.0
1.01 38.361609 641.467584 0.0 -0.4033931014 0.0
1.02 37.333448 631.502823 0.0 -0.4072934995 0.0
1.03 36.02815 622.761736 0.0 -0.4112945976 0.0
1.04 33.901607 615.89534 0.0 -0.4153425681 0.0
1.05 31.031719 610.979977 0.0 -0.4194215513 0.0
1.06 28.11385 606.817832 0.0 -0.4235526713 0.0
1.07 25.841044 601.777639 0.0 -0.4277723671 0.0
1.08 24.20169 595.355194 0.0 -0.4320993329 0.0
1.09 22.616023 588.616376 0.0 -0.4365118001 0.0
1.1 20.660259 582.90735 0.0 -0.4409536465 0.0
1.11 18.365098 578.371663 0.0 -0.4453632323 0.0
1.12 15.972393 574.150817 0.0 -0.4496960524 0.0
1.13 13.585154 569.894812 0.0 -0.4539246603 0.0
1.14 11.038945 566.443844 0.0 -0.4580315044 0.0
1.15 8.19586 564.729026 0.0 -0.4620133384 0.0
1.16 5.207826 564.668653 0.0 -0.4658845855 0.0
1.17 2.28027 565.662183 0.0 -0.4696612579 0.0
1.18 -0.593466 567.528377 0.0 -0.4733406734 0.0
1.19 -3.555478 570.586541 0.0 -0.4769004949 0.0
1.2 -6.764529 575.253435 0.0 -0.4803123563 0.0
1.21 -10.376765 581.712454 0.0 -0.4835507014 0.0
1.22 -14.50429 589.88778 0.0 -0.4865923433 0.0
1.23 -19.176154 599.700061 0.0 -0.4894171537 0.0
1.24 -24.382935 611.174292 0.0 -0.4920131895 0.0
1.25 -30.136303 624.348398 0.0 -0.4943788781 0.0
1.26 -36.48425 639.242004 0.0 -0.4965212089 0.0
1.27 -43.53469 655.744637 0.0 -0.4984555328 0.0
1.28 -51.391262 673.508446 0.0 -0.5002054217 0.0
1.29 -59.904323 692.146835 0.0 -0.5017995125 0.0
1.3 -68.577507 711.446599 0.0 -0.5032681884 0.0
1.31 -76.831471 731.218346 0.0 -0.5046416603 0.0
1.32 -84.327231 751.070523 0.0 -0.5059480832 0.0
1.33 -91.231597 770.478247 0.0 -0.5072113523 0.0
1.34 -98.212753 788.722054 0.0 -0.5084536885 0.0
1.35 -105.846141 804.442756 0.0 -0.5097054595 0.0
1.36 -114.044441 815.577585 0.0 -0.5110110306 0.0
1.37 -122.248397 819.987008 0.0 -0.5124216977 0.0
1.38 -129.963117 816.225937 0.0 -0.513979967 0.0
1.39 -136.947467 803.866686 0.0 -0.5157030122 0.0
1.4 -142.909308 782.928831 0.0 -0.5175727079 0.0
1.41 -147.15562 753.007459 0.0 -0.519534367 0.0
1.42 -149.03788 713.477317 0.0 -0.5214983483 0.0
1.43 -148.789783 664.50661 0.0 -0.5233467852 0.0
1.44 -147.173362 606.847519 0.0 -0.5249610876 0.0
1.45 -143.938908 539.829299 0.0 -0.5262730659 0.0
1.46 -136.651916 460.277116 0.0 -0.5273090998 0.0
1.47 -122.076645 365.715946 0.0 -0.5281778577 0.0
1.48 -100.898823 260.071215 0.0 -0.5289970072 0.0
