0.0 -29.886266 687.979584 0.0 791.210873 0.0
0.01 -36.020773 707.314314 0.0 790.140921 0.0
0.02 -42.491742 726.05353 0.0 789.176564 0.0
0.03 -49.382155 743.472733 0.0 788.378475 0.0
0.04 -56.660933 758.842578 0.0 787.755021 0.0
0.05 -64.223833 771.63131 0.0 787.274635 0.0
0.06 -71.980769 781.483965 0.0 786.882923 0.0
0.07 -79.915262 788.056232 0.0 786.514532 0.0
0.08 -87.87636 790.804438 0.0 786.099171 0.0
0.09 -95.593138 788.977643 0.0 785.565793 0.0
0.1 -102.928317 782.010719 0.0 784.849097 0.0
0.11 -109.923545 769.757118 0.0 783.898676 0.0
0.12 -116.531121 751.949233 0.0 782.687994 0.0
0.13 -122.267846 727.428486 0.0 781.222093 0.0
0.14 -126.232978 694.661458 0.0 779.543576 0.0
0.15 -127.708296 653.407506 0.0 777.725757 0.0
0.16 -127.002553 605.041728 0.0 775.833732 0.0
0.17 -125.596491 550.479304 0.0 773.846988 0.0
0.18 -124.297228 487.614021 0.0 771.571443 0.0
0.19 -119.962316 411.573898 0.0 768.622602 0.0
0.2 -105.796895 320.465371 0.0 764.596272 0.0
0.21 -78.922733 223.449583 0.0 759.481268 0.0
0.22 -46.643318 139.804771 0.0 754.124409 0.0
0.23 -20.543345 84.062251 0.0 750.27724 0.0
0.24 -6.170175 54.003223 0.0 749.988099 0.0
0.25 -1.447374 37.316349 0.0 754.730863 0.0
0.26 -1.371039 24.98793 0.0 764.699532 0.0
0.27 -1.898027 14.615755 0.0 778.354136 0.0
0.28 -1.494219 6.592191 0.0 792.654936 0.0
0.29 -0.589908 1.582529 0.0 804.496017 0.0
0.3 0.004334 -0.384116 0.0 812.330428 0.0
0.31 0.117115 -0.451825 0.0 816.396989 0.0
0.32 0.042428 -0.091746 0.0 817.810932 0.0
0.33 -0.007254 0.054572 0.0 817.748358 0.0
0.34 -0.010989 0.038131 0.0 817.093159 0.0
0.35 -0.00264 0.003404 0.0 816.370111 0.0
0.36 0.001176 -0.006209 0.0 815.814147 0.0
0.37 0.000952 -0.002961 0.0 815.477168 0.0
0.38 0.000121 0.000122 0.0 815.321509 0.0
0.39 -0.000142 0.000625 0.0 815.2827 0.0
0.4 -7.6e-05 0.000207 0.0 815.302598 0.0
0.41 -0.0 -4.6e-05 0.0 815.341362 0.0
0.42 1.5e-05 -5.7e-05 0.0 815.377454 0.0
0.43 6e-06 -1.2e-05 0.0 815.402705 0.0
0.44 -1e-06 7e-06 0.0 815.416667 0.0
0.45 -1e-06 5e-06 0.0 815.422202 0.0
0.46 -0.0 0.0 0.0 815.422765 0.0
0.47 0.0 -1e-06 0.0 815.421123 0.0
0.48 0.0 -0.0 0.0 815.419015 0.0
0.49 0.0 0.0 0.0 815.417282 0.0
0.5 -0.0 0.0 0.0 815.416173 0.0
0.51 -0.0 0.0 0.0 815.415619 0.0
0.52 -0.0 -0.0 0.0 815.415445 0.0
0.53 0.0 -0.0 0.0 815.415474 0.0
0.54 0.0 -0.0 0.0 815.41558 0.0
0.55 -0.0 0.0 0.0 815.415688 0.0
0.56 -0.0 0.0 0.0 815.415768 0.0
0.57 -0.0 0.0 0.0 815.415815 0.0
0.58 0.0 -0.0 0.0 815.415836 0.0
0.59 0.0 -0.0 0.0 815.41584 0.0
0.6 0.0 0.0 0.0 815.415837 0.0
0.61 -0.0 0.0 0.0 815.415831 0.0
0.62 -0.0 0.0 0.0 815.415825 0.0
0.63 -0.0 -0.0 0.0 815.415822 0.0
0.64 0.0 -0.0 0.0 815.41582 0.0
0.65 0.0 -0.0 0.0 815.415819 0.0
0.66 -0.0 0.0 0.0 815.415819 0.0
0.67 -0.0 0.0 0.0 815.415819 0.0
0.68 -0.0 0.0 0.0 815.41582 0.0
0.69 0.0 -0.0 0.0 815.41582 0.0
0.7 0.0 -0.0 0.0 815.41582 0.0
0.71 0.0 0.0 0.0 815.41582 0.0
0.72 -0.0 0.0 0.0 815.41582 0.0
0.73 -0.0 0.0 0.0 815.41582 0.0
0.74 -0.0 -0.0 0.0 815.41582 0.0
0.75 0.0 -0.0 0.0 815.41582 0.0
0.76 0.0 -0.0 0.0 815.41582 0.0
0.77 -0.0 0.0 0.0 815.41582 0.0
0.78 -0.0 0.0 0.0 815.41582 0.0
0.79 -0.0 0.0 0.0 815.41582 0.0
0.8 0.0 -0.0 0.0 815.41582 0.0
0.81 0.0 -0.0 0.0 815.41582 0.0
0.82 0.0 -0.0 0.0 815.41582 0.0
0.83 -0.0 0.0 0.0 815.41582 0.0
0.84 -0.0 0.0 0.0 815.41582 0.0
0.85 -0.0 -0.0 0.0 815.41582 0.0
0.86 0.0 -0.0 0.0 815.41582 0.0
0.87 0.0 -0.0 0.0 815.41582 0.0
0.88 -0.0 0.0 0.0 815.41582 0.0
0.89 -0.0 0.0 0.0 815.41582 0.0
0.9 -0.0 0.0 0.0 815.41582 0.0
0.91 0.0 -0.0 0.0 815.41582 0.0
0.92 0.0 -0.0 0.0 815.41582 0.0
0.93 0.0 -0.0 0.0 815.41582 0.0
0.94 -0.0 0.0 0.0 815.41582 0.0
0.95 -0.0 0.0 0.0 815.41582 0.0
0.96 -0.0 -0.0 0.0 815.41582 0.0
0.97 0.0 -0.0 0.0 815.41582 0.0
0.98 0.0 -0.0 0.0 815.41582 0.0
0.99 -0.0 0.0 0.0 815.41582 0.0
1.0 -0.0 0.0 0.0 815.41582 0.0
1.01 -0.0 0.0 0.0 815.41582 0.0
1.02 0.0 -0.0 0.0 815.41582 0.0
1.03 0.0 -0.0 0.0 815.41582 0.0
1.04 0.0 -0.0 0.0 815.41582 0.0
1.05 -0.0 0.0 0.0 815.41582 0.0
1.06 -0.0 0.0 0.0 815.41582 0.0
1.07 -0.0 -0.0 0.0 815.41582 0.0
1.08 0.0 -0.0 0.0 815.41582 0.0
1.09 0.0 -0.0 0.0 815.41582 0.0
1.1 -0.0 0.0 0.0 815.41582 0.0
1.11 -0.0 0.0 0.0 815.41582 0.0
1.12 -0.0 0.0 0.0 815.41582 0.0
1.13 0.0 -0.0 0.0 815.41582 0.0
1.14 0.0 -0.0 0.0 815.41582 0.0
1.15 0.0 -0.0 0.0 815.41582 0.0
1.16 -0.0 0.0 0.0 815.41582 0.0
1.17 -0.0 0.0 0.0 815.41582 0.0
1.18 -0.0 -0.0 0.0 815.41582 0.0
1.19 0.0 -0.0 0.0 815.41582 0.0
1.2 0.0 -0.0 0.0 815.41582 0.0
1.21 -0.0 0.0 0.0 815.41582 0.0
1.22 -0.0 0.0 0.0 815.41582 0.0
1.23 -0.0 0.0 0.0 815.41582 0.0
1.24 0.0 -0.0 0.0 815.41582 0.0
1.25 0.0 -0.0 0.0 815.41582 0.0
1.26 0.0 -0.0 0.0 815.41582 0.0
1.27 -0.0 0.0 0.0 815.41582 0.0
1.28 -0.0 0.0 0.0 815.41582 0.0
1.29 -0.0 -0.0 0.0 815.41582 0.0
1.3 0.0 -0.0 0.0 815.41582 0.0
1.31 0.0 -0.0 0.0 815.41582 0.0
1.32 -0.0 0.0 0.0 815.41582 0.0
1.33 -0.0 0.0 0.0 815.41582 0.0
1.34 -0.0 0.0 0.0 815.41582 0.0
1.35 0.0 -0.0 0.0 815.41582 0.0
1.36 0.0 -0.0 0.0 815.41582 0.0
1.37 0.0 -0.0 0.0 815.41582 0.0
1.38 -0.0 0.0 0.0 815.41582 0.0
1.39 -0.0 0.0 0.0 815.41582 0.0
1.4 -0.0 -0.0 0.0 815.41582 0.0
1.41 0.0 -0.0 0.0 815.41582 0.0
1.42 0.0 -0.0 0.0 815.41582 0.0
1.43 -0.0 0.0 0.0 815.41582 0.0
1.44 -0.0 0.0 0.0 815.41582 0.0
1.45 -0.0 0.0 0.0 815.41582 0.0
1.46 0.0 -0.0 0.0 815.41582 0.0
1.47 0.0 -0.0 0.0 815.41582 0.0
1.48 0.0 -0.0 0.0 815.41582 0.0