0.00000000000000000 -29.88626634610577071 687.97958447000314663 0.00000000000000000 0.79121087315360572 0.00000000000000000
0.01000000000000000 -36.02077345085663751 707.31431389328076875 0.00000000000000000 0.79014092136921221 0.00000000000000000
0.02000000000000000 -42.49174197791473517 726.05352996506587715 0.00000000000000000 0.78917656364208610 0.00000000000000000
0.03000000000000000 -49.38215526139990175 743.47273268187564099 0.00000000000000000 0.78837847522276738 0.00000000000000000
0.04000000000000000 -56.66093250210379040 758.84257843452564885 0.00000000000000000 0.78775502086116655 0.00000000000000000
0.05000000000000000 -64.22383306348152132 771.63131014149041675 0.00000000000000000 0.78727463505213613 0.00000000000000000
0.06000000000000000 -71.98076851246707974 781.48396482834345989 0.00000000000000000 0.78688292281344063 0.00000000000000000
0.07000000000000001 -79.91526179158269372 788.05623226597981557 0.00000000000000000 0.78651453162867890 0.00000000000000000
0.08000000000000000 -87.87635983057185740 790.80443846615060011 0.00000000000000000 0.78609917061358636 0.00000000000000000
0.09000000000000000 -95.59313762316045882 788.97764259865152781 0.00000000000000000 0.78556579318075936 0.00000000000000000
0.10000000000000001 -102.92831695833135086 782.01071907428877239 0.00000000000000000 0.78484909652272705 0.00000000000000000
0.11000000000000000 -109.92354547897889461 769.75711816542195720 0.00000000000000000 0.78389867616374798 0.00000000000000000
0.12000000000000000 -116.53112111606860424 751.94923288995414623 0.00000000000000000 0.78268799435863534 0.00000000000000000
0.13000000000000000 -122.26784626533222422 727.42848645642254723 0.00000000000000000 0.78122209321245284 0.00000000000000000
0.14000000000000001 -126.23297837664209453 694.66145819479118018 0.00000000000000000 0.77954357633735838 0.00000000000000000
0.14999999999999999 -127.70829584923866662 653.40750616108482518 0.00000000000000000 0.77772575702012203 0.00000000000000000
0.16000000000000000 -127.00255324920686917 605.04172764442023436 0.00000000000000000 0.77583373185119942 0.00000000000000000
0.17000000000000001 -125.59649068532041838 550.47930433450699184 0.00000000000000000 0.77384698827070930 0.00000000000000000
0.17999999999999999 -124.29722822545623728 487.61402133476968856 0.00000000000000000 0.77157144341068939 0.00000000000000000
0.19000000000000000 -119.96231589482493973 411.57389787833182027 0.00000000000000000 0.76862260198893662 0.00000000000000000
0.20000000000000001 -105.79689480653343026 320.46537072032504057 0.00000000000000000 0.76459627205990399 0.00000000000000000
0.20999999999999999 -78.92273324202561469 223.44958337629404355 0.00000000000000000 0.75948126755242829 0.00000000000000000
0.22000000000000000 -46.64331849489543913 139.80477092718660970 0.00000000000000000 0.75412440884559406 0.00000000000000000
0.23000000000000001 -20.54334531339739556 84.06225138777860195 0.00000000000000000 0.75027723976137828 0.00000000000000000
0.23999999999999999 -6.17017469380266981 54.00322265265084098 0.00000000000000000 0.74998809869828453 0.00000000000000000
0.25000000000000000 -1.44737384916406375 37.31634866709021736 0.00000000000000000 0.75473086258720268 0.00000000000000000
0.26000000000000001 -1.37103851878557692 24.98792984539149842 0.00000000000000000 0.76469953206126173 0.00000000000000000
0.27000000000000002 -1.89802674390606851 14.61575511076126155 0.00000000000000000 0.77835413606427006 0.00000000000000000
0.28000000000000003 -1.49421870876413099 6.59219144656225531 0.00000000000000000 0.79265493574679924 0.00000000000000000
0.28999999999999998 -0.58990824623408544 1.58252943758650999 0.00000000000000000 0.80449601749645083 0.00000000000000000
0.29999999999999999 0.00433418104267246 -0.38411553846558882 0.00000000000000000 0.81233042804066069 0.00000000000000000
0.31000000000000000 0.11711490219154436 -0.45182533714888634 0.00000000000000000 0.81639698907214164 0.00000000000000000
0.32000000000000001 0.04242846190593824 -0.09174597395065009 0.00000000000000000 0.81781093185072140 0.00000000000000000
0.33000000000000002 -0.00725445978210704 0.05457185125325221 0.00000000000000000 0.81774835798579404 0.00000000000000000
0.34000000000000002 -0.01098888100238424 0.03813109634326640 0.00000000000000000 0.81709315943959948 0.00000000000000000
0.34999999999999998 -0.00264015516466956 0.00340445808315105 0.00000000000000000 0.81637011086744748 0.00000000000000000
0.35999999999999999 0.00117618595097134 -0.00620862733803590 0.00000000000000000 0.81581414745402780 0.00000000000000000
0.37000000000000000 0.00095161677483156 -0.00296090416293476 0.00000000000000000 0.81547716771844925 0.00000000000000000
0.38000000000000000 0.00012133276084172 0.00012161163689433 0.00000000000000000 0.81532150903647460 0.00000000000000000
0.39000000000000001 -0.00014150574003826 0.00062473038800765 0.00000000000000000 0.81528269997129932 0.00000000000000000
0.40000000000000002 -0.00007604910602921 0.00020704151248638 0.00000000000000000 0.81530259811915884 0.00000000000000000
0.40999999999999998 -0.00000039317937040 -0.00004582451903355 0.00000000000000000 0.81534136175832395 0.00000000000000000
0.41999999999999998 0.00001474631935238 -0.00005747539565371 0.00000000000000000 0.81537745385486149 0.00000000000000000
0.42999999999999999 0.00000552615941448 -0.00001226557136648 0.00000000000000000 0.81540270472530452 0.00000000000000000
0.44000000000000000 -0.00000084549383778 0.00000672212114134 0.00000000000000000 0.81541666710276350 0.00000000000000000
0.45000000000000001 -0.00000139454196444 0.00000488579939385 0.00000000000000000 0.81542220222829620 0.00000000000000000
0.46000000000000002 -0.00000034976045633 0.00000048913969442 0.00000000000000000 0.81542276507713074 0.00000000000000000
0.46999999999999997 0.00000014382716446 -0.00000077596578176 0.00000000000000000 0.81542112349370899 0.00000000000000000
0.47999999999999998 0.00000012163666789 -0.00000038252183810 0.00000000000000000 0.81541901485096624 0.00000000000000000
0.48999999999999999 0.00000001678446017 0.00000001059400094 0.00000000000000000 0.81541728236168431 0.00000000000000000
0.50000000000000000 -0.00000001761605326 0.00000007881855972 0.00000000000000000 0.81541617261130828 0.00000000000000000
0.51000000000000001 -0.00000000979627499 0.00000002705114381 0.00000000000000000 0.81541561936261020 0.00000000000000000
0.52000000000000002 -0.00000000017049178 -0.00000000543777421 0.00000000000000000 0.81541544511686403 0.00000000000000000
0.53000000000000003 0.00000000185526319 -0.00000000730644545 0.00000000000000000 0.81541547433932005 0.00000000000000000
0.54000000000000004 0.00000000071895551 -0.00000000163512999 0.00000000000000000 0.81541557966893996 0.00000000000000000
0.55000000000000004 -0.00000000009761594 0.00000000082649153 0.00000000000000000 0.81541568799556541 0.00000000000000000
0.56000000000000005 -0.00000000017685455 0.00000000062559539 0.00000000000000000 0.81541576833055052 0.00000000000000000
0.56999999999999995 -0.00000000004623786 0.00000000006933460 0.00000000000000000 0.81541581543446828 0.00000000000000000
0.57999999999999996 0.00000000001754474 -0.00000000009688038 0.00000000000000000 0.81541583611091761 0.00000000000000000
0.58999999999999997 0.00000000001553736 -0.00000000004937675 0.00000000000000000 0.81541584029912340 0.00000000000000000
0.59999999999999998 0.00000000000230594 0.00000000000072464 0.00000000000000000 0.81541583655088956 0.00000000000000000
0.60999999999999999 -0.00000000000219035 0.00000000000993652 0.00000000000000000 0.81541583053783362 0.00000000000000000
0.62000000000000000 -0.00000000000126093 0.00000000000352992 0.00000000000000000 0.81541582521230460 0.00000000000000000
0.63000000000000000 -0.00000000000003704 -0.00000000000064132 0.00000000000000000 0.81541582160752812 0.00000000000000000
0.64000000000000001 0.00000000000023322 -0.00000000000092820 0.00000000000000000 0.81541581968572541 0.00000000000000000
0.65000000000000002 0.00000000000009344 -0.00000000000021741 0.00000000000000000 0.81541581897720028 0.00000000000000000
0.66000000000000003 -0.00000000000001114 0.00000000000010142 0.00000000000000000 0.81541581896069293 0.00000000000000000
0.67000000000000004 -0.00000000000002241 0.00000000000008005 0.00000000000000000 0.81541581923430562 0.00000000000000000
0.68000000000000005 -0.00000000000000610 0.00000000000000972 0.00000000000000000 0.81541581955385389 0.00000000000000000
0.68999999999999995 0.00000000000000213 -0.00000000000001208 0.00000000000000000 0.81541581980614353 0.00000000000000000
0.69999999999999996 0.00000000000000198 -0.00000000000000637 0.00000000000000000 0.81541581996259571 0.00000000000000000
0.70999999999999996 0.00000000000000031 0.00000000000000001 0.00000000000000000 0.81541582003727164 0.00000000000000000
0.71999999999999997 -0.00000000000000027 0.00000000000000125 0.00000000000000000 0.81541582005804147 0.00000000000000000
0.72999999999999998 -0.00000000000000016 0.00000000000000046 0.00000000000000000 0.81541582005095425 0.00000000000000000
0.73999999999999999 -0.00000000000000001 -0.00000000000000008 0.00000000000000000 0.81541582003428015 0.00000000000000000
0.75000000000000000 0.00000000000000003 -0.00000000000000012 0.00000000000000000 0.81541582001814750 0.00000000000000000
0.76000000000000001 0.00000000000000001 -0.00000000000000003 0.00000000000000000 0.81541582000659141 0.00000000000000000
0.77000000000000002 -0.00000000000000000 0.00000000000000001 0.00000000000000000 0.81541582000004242 0.00000000000000000
0.78000000000000003 -0.00000000000000000 0.00000000000000001 0.00000000000000000 0.81541581999732748 0.00000000000000000
0.79000000000000004 -0.00000000000000000 0.00000000000000000 0.00000000000000000 0.81541581999692803 0.00000000000000000
0.80000000000000004 0.00000000000000000 -0.00000000000000000 0.00000000000000000 0.81541581999759205 0.00000000000000000
0.81000000000000005 0.00000000000000000 -0.00000000000000000 0.00000000000000000 0.81541581999851565 0.00000000000000000
0.81999999999999995 0.00000000000000000 -0.00000000000000000 0.00000000000000000 0.81541581999929724 0.00000000000000000
0.82999999999999996 -0.00000000000000000 0.00000000000000000 0.00000000000000000 0.81541581999980961 0.00000000000000000
0.83999999999999997 -0.00000000000000000 0.00000000000000000 0.00000000000000000 0.81541582000007229 0.00000000000000000
0.84999999999999998 -0.00000000000000000 -0.00000000000000000 0.00000000000000000 0.81541582000016133 0.00000000000000000
0.85999999999999999 0.00000000000000000 -0.00000000000000000 0.00000000000000000 0.81541582000015456 0.00000000000000000
0.87000000000000000 0.00000000000000000 -0.00000000000000000 0.00000000000000000 0.81541582000010993 0.00000000000000000
0.88000000000000000 -0.00000000000000000 0.00000000000000000 0.00000000000000000 0.81541582000006196 0.00000000000000000
0.89000000000000001 -0.00000000000000000 0.00000000000000000 0.00000000000000000 0.81541582000002533 0.00000000000000000
0.90000000000000002 -0.00000000000000000 0.00000000000000000 0.00000000000000000 0.81541582000000334 0.00000000000000000
0.91000000000000003 0.00000000000000000 -0.00000000000000000 0.00000000000000000 0.81541581999999324 0.00000000000000000
0.92000000000000004 0.00000000000000000 -0.00000000000000000 0.00000000000000000 0.81541581999999069 0.00000000000000000
0.93000000000000005 0.00000000000000000 -0.00000000000000000 0.00000000000000000 0.81541581999999235 0.00000000000000000
0.93999999999999995 -0.00000000000000000 0.00000000000000000 0.00000000000000000 0.81541581999999491 0.00000000000000000
0.94999999999999996 -0.00000000000000000 0.00000000000000000 0.00000000000000000 0.81541581999999746 0.00000000000000000
0.95999999999999996 -0.00000000000000000 -0.00000000000000000 0.00000000000000000 0.81541581999999924 0.00000000000000000
0.96999999999999997 0.00000000000000000 -0.00000000000000000 0.00000000000000000 0.81541582000000012 0.00000000000000000
0.97999999999999998 0.00000000000000000 -0.00000000000000000 0.00000000000000000 0.81541582000000046 0.00000000000000000
0.98999999999999999 -0.00000000000000000 0.00000000000000000 0.00000000000000000 0.81541582000000035 0.00000000000000000
1.00000000000000000 -0.00000000000000000 0.00000000000000000 0.00000000000000000 0.81541582000000012 0.00000000000000000
1.01000000000000001 -0.00000000000000000 0.00000000000000000 0.00000000000000000 0.81541582000000001 0.00000000000000000
1.02000000000000002 0.00000000000000000 -0.00000000000000000 0.00000000000000000 0.81541581999999979 0.00000000000000000
1.03000000000000003 0.00000000000000000 -0.00000000000000000 0.00000000000000000 0.81541581999999979 0.00000000000000000
1.04000000000000004 0.00000000000000000 -0.00000000000000000 0.00000000000000000 0.81541581999999979 0.00000000000000000
1.05000000000000004 -0.00000000000000000 0.00000000000000000 0.00000000000000000 0.81541581999999979 0.00000000000000000
1.06000000000000005 -0.00000000000000000 0.00000000000000000 0.00000000000000000 0.81541581999999979 0.00000000000000000
1.07000000000000006 -0.00000000000000000 -0.00000000000000000 0.00000000000000000 0.81541581999999979 0.00000000000000000
1.08000000000000007 0.00000000000000000 -0.00000000000000000 0.00000000000000000 0.81541581999999979 0.00000000000000000
1.09000000000000008 0.00000000000000000 -0.00000000000000000 0.00000000000000000 0.81541581999999979 0.00000000000000000
1.10000000000000009 -0.00000000000000000 0.00000000000000000 0.00000000000000000 0.81541581999999979 0.00000000000000000
1.11000000000000010 -0.00000000000000000 0.00000000000000000 0.00000000000000000 0.81541581999999979 0.00000000000000000
1.12000000000000011 -0.00000000000000000 0.00000000000000000 0.00000000000000000 0.81541581999999979 0.00000000000000000
1.12999999999999989 0.00000000000000000 -0.00000000000000000 0.00000000000000000 0.81541581999999979 0.00000000000000000
1.13999999999999990 0.00000000000000000 -0.00000000000000000 0.00000000000000000 0.81541581999999979 0.00000000000000000
1.14999999999999991 0.00000000000000000 -0.00000000000000000 0.00000000000000000 0.81541581999999979 0.00000000000000000
1.15999999999999992 -0.00000000000000000 0.00000000000000000 0.00000000000000000 0.81541581999999979 0.00000000000000000
1.16999999999999993 -0.00000000000000000 0.00000000000000000 0.00000000000000000 0.81541581999999979 0.00000000000000000
1.17999999999999994 -0.00000000000000000 -0.00000000000000000 0.00000000000000000 0.81541581999999979 0.00000000000000000
1.18999999999999995 0.00000000000000000 -0.00000000000000000 0.00000000000000000 0.81541581999999979 0.00000000000000000
1.19999999999999996 0.00000000000000000 -0.00000000000000000 0.00000000000000000 0.81541581999999979 0.00000000000000000
1.20999999999999996 -0.00000000000000000 0.00000000000000000 0.00000000000000000 0.81541581999999979 0.00000000000000000
1.21999999999999997 -0.00000000000000000 0.00000000000000000 0.00000000000000000 0.81541581999999979 0.00000000000000000
1.22999999999999998 -0.00000000000000000 0.00000000000000000 0.00000000000000000 0.81541581999999979 0.00000000000000000
1.23999999999999999 0.00000000000000000 -0.00000000000000000 0.00000000000000000 0.81541581999999979 0.00000000000000000
1.25000000000000000 0.00000000000000000 -0.00000000000000000 0.00000000000000000 0.81541581999999979 0.00000000000000000
1.26000000000000001 0.00000000000000000 -0.00000000000000000 0.00000000000000000 0.81541581999999979 0.00000000000000000
1.27000000000000002 -0.00000000000000000 0.00000000000000000 0.00000000000000000 0.81541581999999979 0.00000000000000000
1.28000000000000003 -0.00000000000000000 0.00000000000000000 0.00000000000000000 0.81541581999999979 0.00000000000000000
1.29000000000000004 -0.00000000000000000 -0.00000000000000000 0.00000000000000000 0.81541581999999979 0.00000000000000000
1.30000000000000004 0.00000000000000000 -0.00000000000000000 0.00000000000000000 0.81541581999999979 0.00000000000000000
1.31000000000000005 0.00000000000000000 -0.00000000000000000 0.00000000000000000 0.81541581999999979 0.00000000000000000
1.32000000000000006 -0.00000000000000000 0.00000000000000000 0.00000000000000000 0.81541581999999979 0.00000000000000000
1.33000000000000007 -0.00000000000000000 0.00000000000000000 0.00000000000000000 0.81541581999999979 0.00000000000000000
1.34000000000000008 -0.00000000000000000 0.00000000000000000 0.00000000000000000 0.81541581999999979 0.00000000000000000
1.35000000000000009 0.00000000000000000 -0.00000000000000000 0.00000000000000000 0.81541581999999979 0.00000000000000000
1.36000000000000010 0.00000000000000000 -0.00000000000000000 0.00000000000000000 0.81541581999999979 0.00000000000000000
1.37000000000000011 0.00000000000000000 -0.00000000000000000 0.00000000000000000 0.81541581999999979 0.00000000000000000
1.37999999999999989 -0.00000000000000000 0.00000000000000000 0.00000000000000000 0.81541581999999979 0.00000000000000000
1.38999999999999990 -0.00000000000000000 0.00000000000000000 0.00000000000000000 0.81541581999999979 0.00000000000000000
1.39999999999999991 -0.00000000000000000 -0.00000000000000000 0.00000000000000000 0.81541581999999979 0.00000000000000000
1.40999999999999992 0.00000000000000000 -0.00000000000000000 0.00000000000000000 0.81541581999999979 0.00000000000000000
1.41999999999999993 0.00000000000000000 -0.00000000000000000 0.00000000000000000 0.81541581999999979 0.00000000000000000
1.42999999999999994 -0.00000000000000000 0.00000000000000000 0.00000000000000000 0.81541581999999979 0.00000000000000000
1.43999999999999995 -0.00000000000000000 0.00000000000000000 0.00000000000000000 0.81541581999999979 0.00000000000000000
1.44999999999999996 -0.00000000000000000 0.00000000000000000 0.00000000000000000 0.81541581999999979 0.00000000000000000
1.45999999999999996 0.00000000000000000 -0.00000000000000000 0.00000000000000000 0.81541581999999979 0.00000000000000000
1.46999999999999997 0.00000000000000000 -0.00000000000000000 0.00000000000000000 0.81541581999999979 0.00000000000000000
1.47999999999999998 0.00000000000000000 -0.00000000000000000 0.00000000000000000 0.81541581999999979 0.00000000000000000
