0.0 -0.000551 0.002721 0.0 341.004232 0.0
0.01 -0.000238 0.01043 0.0 341.023063 0.0
0.02 0.002362 0.005787 0.0 341.102797 0.0
0.03 0.005675 -0.042343 0.0 341.277951 0.0
0.04 -0.001354 -0.109457 0.0 341.569768 0.0
0.05 -0.031534 0.009679 0.0 341.95346 0.0
0.06 -0.052594 0.577246 0.0 342.308919 0.0
0.07 0.061787 1.039903 0.0 342.363646 0.0
0.08 0.385189 -0.985485 0.0 341.654086 0.0
0.09 0.41136 -7.170345 0.0 339.556858 0.0
0.1 -1.190816 -8.498573 0.0 335.468859 0.0
0.11 -4.322706 21.992477 0.0 329.230331 0.0
0.12 -2.779021 101.888392 0.0 321.559159 0.0
0.13 13.733748 198.619806 0.0 313.814356 0.0
0.14 44.624288 261.774086 0.0 307.105298 0.0
0.15 70.718688 287.551394 0.0 301.741327 0.0
0.16 74.973957 302.005417 0.0 297.381697 0.0
0.17 64.92347 317.528919 0.0 293.404395 0.0
0.18 60.530286 337.170454 0.0 289.242405 0.0
0.19 67.94601 363.646243 0.0 284.655331 0.0
0.2 78.141798 393.187606 0.0 279.802466 0.0
0.21 83.781749 419.53482 0.0 275.063489 0.0
0.22 86.180035 445.055811 0.0 270.785193 0.0
0.23 88.726909 478.258517 0.0 267.161923 0.0
0.24 91.20542 520.913366 0.0 264.248922 0.0
0.25 91.495299 565.503655 0.0 261.996527 0.0
0.26 89.144706 604.489427 0.0 260.272558 0.0
0.27 85.48098 635.454788 0.0 258.898181 0.0
0.28 81.843886 658.545938 0.0 257.692343 0.0
0.29 78.940142 674.244522 0.0 256.505235 0.0
0.3 76.877909 683.277212 0.0 255.237461 0.0
0.31 74.89852 686.667646 0.0 253.843085 0.0
0.32 71.654199 685.644263 0.0 252.312019 0.0
0.33 66.538158 681.049583 0.0 250.641905 0.0
0.34 60.495859 673.080181 0.0 248.823427 0.0
0.35 54.957312 662.126249 0.0 246.848663 0.0
0.36 50.304539 649.332023 0.0 244.723322 0.0
0.37 45.919022 636.008481 0.0 242.460425 0.0
0.38 41.402068 622.763484 0.0 240.057985 0.0
0.39 37.138321 609.412305 0.0 237.484853 0.0
0.4 33.623424 595.866353 0.0 234.693584 0.0
0.41 30.727062 583.009609 0.0 231.651357 0.0
0.42 27.939696 572.356314 0.0 228.362202 0.0
0.43 25.065522 564.870154 0.0 224.866313 0.0
0.44 22.320826 560.333273 0.0 221.221479 0.0
0.45 19.925682 557.745518 0.0 217.480728 0.0
0.46 17.848035 556.17657 0.0 213.680918 0.0
0.47 15.826684 555.27395 0.0 209.845284 0.0
0.48 13.617478 555.374594 0.0 205.989958 0.0
0.49 11.254752 557.339089 0.0 202.123424 0.0
0.5 8.918102 561.841562 0.0 198.23875 0.0
0.51 6.650086 568.666306 0.0 194.309618 0.0
0.52 4.415063 576.871915 0.0 190.297248 0.0
0.53 2.256568 585.509082 0.0 186.163467 0.0
0.54 0.214654 593.982479 0.0 181.883822 0.0
0.55 -1.801034 601.991258 0.0 177.45987 0.0
0.56 -3.99496 609.534802 0.0 172.927149 0.0
0.57 -6.59804 616.91344 0.0 168.352234 0.0
0.58 -9.762334 624.43216 0.0 163.821104 0.0
0.59 -13.497496 632.227669 0.0 159.429622 0.0
0.6 -17.721944 640.777606 0.0 155.279699 0.0
0.61 -22.363015 651.23192 0.0 151.470149 0.0
0.62 -27.370516 664.607353 0.0 148.075651 0.0
0.63 -32.593735 680.822776 0.0 145.128491 0.0
0.64 -37.720841 698.77132 0.0 142.619666 0.0
0.65 -42.553369 717.160147 0.0 140.513535 0.0
0.66 -47.276554 735.13995 0.0 138.760624 0.0
0.67 -52.238906 752.210128 0.0 137.306286 0.0
0.68 -57.66021 767.853838 0.0 136.098512 0.0
0.69 -63.69565 781.378478 0.0 135.090222 0.0
0.7 -70.46662 791.783211 0.0 134.232636 0.0
0.71 -77.872804 797.783954 0.0 133.468906 0.0
0.72 -85.568482 798.338964 0.0 132.740137 0.0
0.73 -93.18292 793.060695 0.0 132.00083 0.0
0.74 -100.448464 781.684379 0.0 131.230204 0.0
0.75 -107.119214 763.194105 0.0 130.433661 0.0
0.76 -112.842035 736.095509 0.0 129.637546 0.0
0.77 -117.156328 699.758208 0.0 128.876707 0.0
0.78 -119.631056 654.878108 0.0 128.165243 0.0
0.79 -120.040953 602.210474 0.0 127.447018 0.0
0.8 -118.478531 541.042321 0.0 126.543371 0.0
0.81 -114.696509 469.087941 0.0 125.123431 0.0
0.82 -106.617491 384.912297 0.0 122.73668 0.0
0.83 -90.824693 292.411927 0.0 118.975399 0.0
0.84 -66.408108 202.716487 0.0 113.783866 0.0
0.85 -37.947449 129.481224 0.0 107.801765 0.0
0.86 -13.553976 80.719625 0.0 102.509783 0.0
0.87 0.813794 54.089716 0.0 99.928699 0.0
0.88 5.214465 40.071208 0.0 101.911186 0.0
0.89 3.937419 30.136014 0.0 109.418568 0.0
0.9 1.335101 21.214205 0.0 122.04892 0.0
0.91 -0.299552 13.399045 0.0 137.811586 0.0
0.92 -0.641088 6.884515 0.0 153.492572 0.0
0.93 -0.333746 2.111269 0.0 166.056646 0.0
0.94 -0.030356 -0.194764 0.0 174.149466 0.0
0.95 0.054135 -0.48539 0.0 178.212931 0.0
0.96 0.025949 -0.141227 0.0 179.516664 0.0
0.97 -0.001012 0.04286 0.0 179.329401 0.0
0.98 -0.005455 0.043492 0.0 178.577179 0.0
0.99 -0.001818 0.007679 0.0 177.794707 0.0
1.0 0.000397 -0.005679 0.0 177.210875 0.0
1.01 0.000502 -0.003602 0.0 176.866572 0.0
1.02 0.000108 -0.000219 0.0 176.714047 0.0
1.03 -5.8e-05 0.000624 0.0 176.681843 0.0
1.04 -4.3e-05 0.000274 0.0 176.707997 0.0
1.05 -4e-06 -2.1e-05 0.0 176.751184 0.0
1.06 7e-06 -6.1e-05 0.0 176.78975 0.0
1.07 3e-06 -1.9e-05 0.0 176.816003 0.0
1.08 -0.0 5e-06 0.0 176.830088 0.0
1.09 -1e-06 6e-06 0.0 176.835351 0.0
1.1 -0.0 1e-06 0.0 176.835552 0.0
1.11 0.0 -1e-06 0.0 176.833608 0.0
1.12 0.0 -0.0 0.0 176.831305 0.0
1.13 0.0 -0.0 0.0 176.829474 0.0
1.14 -0.0 0.0 0.0 176.828332 0.0
1.15 -0.0 0.0 0.0 176.827782 0.0
1.16 -0.0 -0.0 0.0 176.827626 0.0
1.17 0.0 -0.0 0.0 176.827674 0.0
1.18 0.0 -0.0 0.0 176.827793 0.0
1.19 -0.0 0.0 0.0 176.82791 0.0
1.2 -0.0 0.0 0.0 176.827994 0.0
1.21 -0.0 0.0 0.0 176.828042 0.0
1.22 0.0 -0.0 0.0 176.828062 0.0
1.23 0.0 -0.0 0.0 176.828065 0.0
1.24 0.0 -0.0 0.0 176.82806 0.0
1.25 -0.0 0.0 0.0 176.828054 0.0
1.26 -0.0 0.0 0.0 176.828048 0.0
1.27 -0.0 -0.0 0.0 176.828044 0.0
1.28 0.0 -0.0 0.0 176.828043 0.0
1.29 0.0 -0.0 0.0 176.828042 0.0
1.3 -0.0 0.0 0.0 176.828042 0.0
1.31 -0.0 0.0 0.0 176.828042 0.0
1.32 -0.0 0.0 0.0 176.828043 0.0
1.33 0.0 -0.0 0.0 176.828043 0.0
1.34 0.0 -0.0 0.0 176.828043 0.0
1.35 0.0 -0.0 0.0 176.828043 0.0
1.36 -0.0 0.0 0.0 176.828043 0.0
1.37 -0.0 0.0 0.0 176.828043 0.0
1.38 -0.0 -0.0 0.0 176.828043 0.0
1.39 0.0 -0.0 0.0 176.828043 0.0
1.4 0.0 -0.0 0.0 176.828043 0.0
1.41 0.0 0.0 0.0 176.828043 0.0
1.42 -0.0 0.0 0.0 176.828043 0.0
1.43 -0.0 0.0 0.0 176.828043 0.0
1.44 0.0 -0.0 0.0 176.828043 0.0
1.45 0.0 -0.0 0.0 176.828043 0.0
1.46 0.0 -0.0 0.0 176.828043 0.0
1.47 -0.0 0.0 0.0 176.828043 0.0
1.48 -0.0 0.0 0.0 176.828043 0.0