0.0 0.0 -0.0 0.0 -304.616328 0.0
0.01 -0.0 0.0 0.0 -304.616328 0.0
0.02 -0.0 0.0 0.0 -304.616328 0.0
0.03 -0.0 0.0 0.0 -304.616328 0.0
0.04 0.0 -0.0 0.0 -304.616328 0.0
0.05 0.0 -0.0 0.0 -304.616328 0.0
0.06 -0.0 -0.0 0.0 -304.616328 0.0
0.07 -0.0 0.0 0.0 -304.616328 0.0
0.08 -0.0 0.0 0.0 -304.616328 0.0
0.09 0.0 -0.0 0.0 -304.616328 0.0
0.1 0.0 -0.0 0.0 -304.616328 0.0
0.11 0.0 -0.0 0.0 -304.616328 0.0
0.12 -0.0 0.0 0.0 -304.616328 0.0
0.13 -0.0 0.0 0.0 -304.616328 0.0
0.14 -0.0 0.0 0.0 -304.616328 0.0
0.15 0.0 -0.0 0.0 -304.616328 0.0
0.16 0.0 -0.0 0.0 -304.616328 0.0
0.17 -0.0 -0.0 0.0 -304.616328 0.0
0.18 -0.0 0.0 0.0 -304.616328 0.0
0.19 -0.0 0.0 0.0 -304.616328 0.0
0.2 0.0 0.0 0.0 -304.616328 0.0
0.21 0.0 -0.0 0.0 -304.616328 0.0
0.22 0.0 -0.0 0.0 -304.616328 0.0
0.23 -0.0 0.0 0.0 -304.616328 0.0
0.24 -0.0 0.0 0.0 -304.616328 0.0
0.25 -0.0 0.0 0.0 -304.616328 0.0
0.26 0.0 -0.0 0.0 -304.616328 0.0
0.27 0.0 -0.0 0.0 -304.616328 0.0
0.28 -0.0 -0.0 0.0 -304.616328 0.0
0.29 -0.0 0.0 0.0 -304.616328 0.0
0.3 -0.0 0.0 0.0 -304.616328 0.0
0.31 0.0 0.0 0.0 -304.616328 0.0
0.32 0.0 -0.0 0.0 -304.616328 0.0
0.33 0.0 -0.0 0.0 -304.616328 0.0
0.34 -0.0 0.0 0.0 -304.616328 0.0
0.35 -0.0 0.0 0.0 -304.616328 0.0
0.36 -0.0 0.0 0.0 -304.616328 0.0
0.37 0.0 -0.0 0.0 -304.616328 0.0
0.38 0.0 -0.0 0.0 -304.616328 0.0
0.39 -0.0 -0.0 0.0 -304.616326 0.0
0.4 -0.0 0.0 0.0 -304.616324 0.0
0.41 -0.0 0.0 0.0 -304.616322 0.0
0.42 0.0 0.0 0.0 -304.61632 0.0
0.43 0.0 -0.0 0.0 -304.616321 0.0
0.44 0.0 -0.0 0.0 -304.616328 0.0
0.45 -0.0 0.0 0.0 -304.616345 0.0
0.46 -0.0 0.0 0.0 -304.616374 0.0
0.47 -0.0 0.0 0.0 -304.616414 0.0
0.48 0.0 -0.0 0.0 -304.616455 0.0
0.49 0.0 -0.0 0.0 -304.616471 0.0
0.5 -0.0 -0.0 0.0 -304.616417 0.0
0.51 -0.0 0.0 0.0 -304.616228 0.0
0.52 -0.0 1e-06 0.0 -304.615834 0.0
0.53 0.0 0.0 0.0 -304.615204 0.0
0.54 1e-06 -6e-06 0.0 -304.614411 0.0
0.55 2e-06 -1.2e-05 0.0 -304.613744 0.0
0.56 -4e-06 6e-06 0.0 -304.613817 0.0
0.57 -1.6e-05 7.3e-05 0.0 -304.615634 0.0
0.58 -1.1e-05 0.000104 0.0 -304.620491 0.0
0.59 6.1e-05 -0.000174 0.0 -304.629535 0.0
0.6 0.00017 -0.000861 0.0 -304.642812 0.0
0.61 7e-06 -0.000736 0.0 -304.657664 0.0
0.62 -0.000852 0.003008 0.0 -304.666623 0.0
0.63 -0.001646 0.009438 0.0 -304.655451 0.0
0.64 0.001246 0.002448 0.0 -304.602816 0.0
0.65 0.010756 -0.043578 0.0 -304.484142 0.0
0.66 0.013937 -0.094739 0.0 -304.283057 0.0
0.67 -0.028629 0.043764 0.0 -304.013773 0.0
0.68 -0.1252 0.566406 0.0 -303.75529 0.0
0.69 -0.090063 0.845382 0.0 -303.691925 0.0
0.7 0.469417 -1.297213 0.0 -304.142647 0.0
0.71 1.345782 -6.765227 0.0 -305.544122 0.0
0.72 0.14241 -6.14212 0.0 -308.332717 0.0
0.73 -6.742818 24.16846 0.0 -312.658852 0.0
0.74 -16.76465 94.795307 0.0 -318.099827 0.0
0.75 -16.688591 172.127504 0.0 -323.831531 0.0
0.76 4.203418 213.910388 0.0 -329.202324 0.0
0.77 35.829405 224.161232 0.0 -334.046651 0.0
0.78 54.338455 234.02782 0.0 -338.565856 0.0
0.79 51.244653 257.174473 0.0 -343.074114 0.0
0.8 43.097499 284.935379 0.0 -347.761126 0.0
0.81 45.815981 305.922152 0.0 -352.587107 0.0
0.82 55.563589 321.897857 0.0 -357.351149 0.0
0.83 62.482887 342.591849 0.0 -361.810341 0.0
0.84 65.932004 373.020006 0.0 -365.774606 0.0
0.85 69.538628 413.180531 0.0 -369.15405 0.0
0.86 73.394986 460.83669 0.0 -371.942193 0.0
0.87 75.432642 510.059937 0.0 -374.184963 0.0
0.88 74.913863 553.563593 0.0 -375.974109 0.0
0.89 72.707043 588.247924 0.0 -377.441523 0.0
0.9 70.160461 615.37577 0.0 -378.738207 0.0
0.91 68.419183 636.738953 0.0 -380.004714 0.0
0.92 67.973827 653.207666 0.0 -381.342207 0.0
0.93 68.056295 665.541036 0.0 -382.799837 0.0
0.94 66.688543 674.527394 0.0 -384.39419 0.0
0.95 62.334021 680.319373 0.0 -386.151433 0.0
0.96 55.737598 682.324155 0.0 -388.136122 0.0
0.97 49.327235 679.896541 0.0 -390.438591 0.0
0.98 44.738646 673.14369 0.0 -393.130147 0.0
0.99 41.792596 663.300856 0.0 -396.224216 0.0
1.0 39.758147 652.25796 0.0 -399.67303 0.0
1.01 38.361609 641.467584 0.0 -403.393101 0.0
1.02 37.333448 631.502823 0.0 -407.293499 0.0
1.03 36.02815 622.761736 0.0 -411.294598 0.0
1.04 33.901607 615.89534 0.0 -415.342568 0.0
1.05 31.031719 610.979977 0.0 -419.421551 0.0
1.06 28.11385 606.817832 0.0 -423.552671 0.0
1.07 25.841044 601.777639 0.0 -427.772367 0.0
1.08 24.20169 595.355194 0.0 -432.099333 0.0
1.09 22.616023 588.616376 0.0 -436.5118 0.0
1.1 20.660259 582.90735 0.0 -440.953646 0.0
1.11 18.365098 578.371663 0.0 -445.363232 0.0
1.12 15.972393 574.150817 0.0 -449.696052 0.0
1.13 13.585154 569.894812 0.0 -453.92466 0.0
1.14 11.038945 566.443844 0.0 -458.031504 0.0
1.15 8.19586 564.729026 0.0 -462.013338 0.0
1.16 5.207826 564.668653 0.0 -465.884585 0.0
1.17 2.28027 565.662183 0.0 -469.661258 0.0
1.18 -0.593466 567.528377 0.0 -473.340673 0.0
1.19 -3.555478 570.586541 0.0 -476.900495 0.0
1.2 -6.764529 575.253435 0.0 -480.312356 0.0
1.21 -10.376765 581.712454 0.0 -483.550701 0.0
1.22 -14.50429 589.88778 0.0 -486.592343 0.0
1.23 -19.176154 599.700061 0.0 -489.417154 0.0
1.24 -24.382935 611.174292 0.0 -492.01319 0.0
1.25 -30.136303 624.348398 0.0 -494.378878 0.0
1.26 -36.48425 639.242004 0.0 -496.521209 0.0
1.27 -43.53469 655.744637 0.0 -498.455533 0.0
1.28 -51.391262 673.508446 0.0 -500.205422 0.0
1.29 -59.904323 692.146835 0.0 -501.799512 0.0
1.3 -68.577507 711.446599 0.0 -503.268188 0.0
1.31 -76.831471 731.218346 0.0 -504.64166 0.0
1.32 -84.327231 751.070523 0.0 -505.948083 0.0
1.33 -91.231597 770.478247 0.0 -507.211352 0.0
1.34 -98.212753 788.722054 0.0 -508.453689 0.0
1.35 -105.846141 804.442756 0.0 -509.70546 0.0
1.36 -114.044441 815.577585 0.0 -511.011031 0.0
1.37 -122.248397 819.987008 0.0 -512.421698 0.0
1.38 -129.963117 816.225937 0.0 -513.979967 0.0
1.39 -136.947467 803.866686 0.0 -515.703012 0.0
1.4 -142.909308 782.928831 0.0 -517.572708 0.0
1.41 -147.15562 753.007459 0.0 -519.534367 0.0
1.42 -149.03788 713.477317 0.0 -521.498348 0.0
1.43 -148.789783 664.50661 0.0 -523.346785 0.0
1.44 -147.173362 606.847519 0.0 -524.961088 0.0
1.45 -143.938908 539.829299 0.0 -526.273066 0.0
1.46 -136.651916 460.277116 0.0 -527.3091 0.0
1.47 -122.076645 365.715946 0.0 -528.177858 0.0
1.48 -100.898823 260.071215 0.0 -528.997007 0.0