0.0 0.1689307749315816
0.01 0.12261694971400772
0.02 0.08341591034783402
0.03 0.050908765949942314
0.04 0.03135492574405063
0.05 0.03045992963320021
0.06 0.04564100093786205
0.07 0.07072912616813198
0.08 0.0985510782855048
0.09 0.1266710406797822
0.1 0.15529445579531131
0.11 0.1865403726829058
0.12 0.21224053951480215
0.13 0.23081685482938585
0.14 0.23144822390609576
0.15 0.2267396988162078
0.16 0.24391662085082544
0.17 0.2730518830489519
0.18 0.2974273221201216
0.19 0.312442552361035
0.2 0.329899885968163
0.21 0.34063564906252886
0.22 0.34872945324146176
0.23 0.351080403995101
0.24 0.35048722582278646
0.25 0.353394855592291
0.26 0.3546782690508259
0.27 0.3528384737049457
0.28 0.3531353932582393
0.29 0.3502496037809735
0.3 0.34580350033968
0.31 0.3385047921277424
0.32 0.3338959234459029
0.33 0.3311101704925967
0.34 0.32492438065187823
0.35 0.3180826035240294
0.36 0.3127758478488003
0.37 0.30486875636565003
0.38 0.2974126374559649
0.39 0.289880724235279
0.4 0.28145443041513296
0.41 0.27053877819667616
0.42 0.26142029882094775
0.43 0.25115009146307
0.44 0.23921862248506365
0.45 0.22867633864361192
0.46 0.21805703393113962
0.47 0.2065939310812821
0.48 0.1951650120907109
0.49 0.1873046151358535
0.5 0.17785299653672748
0.51 0.16993610649786284
0.52 0.1615437719708357
0.53 0.15450512291842244
0.54 0.14657428715202592
0.55 0.14111202216314123
0.56 0.13564642207062594
0.57 0.13093695825506213
0.58 0.12540266854326187
0.59 0.12060978804942835
0.6 0.11525992033182675
0.61 0.11304120320250544
0.62 0.1093038044081398
0.63 0.10789783181123536
0.64 0.10761001205944787
0.65 0.10987304995142555
0.66 0.11548219904529144
0.67 0.12102963489555396
0.68 0.12737905818259687
0.69 0.13875650614667023
0.7 0.14712640089632156
0.71 0.15709634808775075
0.72 0.16984519938676357
0.73 0.1810607741688699
0.74 0.1945891308027745
0.75 0.20793202153754553
0.76 0.22297939690802338
0.77 0.24184098079875938
0.78 0.26389159834474984
0.79 0.28962237719387307
0.8 0.3188068976189271
0.81 0.3481582168219646
0.82 0.38346053348002496
0.83 0.42359856732031353
0.84 0.46647706335229255
0.85 0.5090242230845483
0.86 0.5526790852304853
0.87 0.5990354443861179
0.88 0.6487707093136592
0.89 0.7035244180021598
0.9 0.7578870229030725
0.91 0.810727642323938
0.92 0.8612421288713676
0.93 0.9085936291927492
0.94 0.9530372470313084
0.95 0.9900817667718167
0.96 1.025820632499693
0.97 1.057865689203517
0.98 1.088344333535157
0.99 1.1148632664011373
1.0 1.1345817567523362
1.01 1.1554797323447952
1.02 1.1674783525876382
1.03 1.1767582924293567
1.04 1.1796507602958464
1.05 1.1833638501803119
1.06 1.1791920310751607
1.07 1.1728253918999307
1.08 1.1635482887720885
1.09 1.1466813224446444
1.1 1.1297078824024522
1.11 1.108231804290586
1.12 1.0813252552551766
1.13 1.0499754145605955
1.14 1.014919998268402
1.15 0.9776642197211931
1.16 0.933774359512217
1.17 0.8893735175949065
1.18 0.839917586534864
1.19 0.7889798896636036
1.2 0.7284655151447001
1.21 0.6666599584018345
1.22 0.6017103956863963
1.23 0.5306304597260505
1.24 0.4618537104972962
1.25 0.3912729655470031
1.26 0.3230864188709024
1.27 0.2589110799035419
1.28 0.19820846692881222
1.29 0.1446075227262842
1.3 0.0967329617195345
1.31 0.06050617141080217
1.32 0.039290483731933
1.33 0.03812583481693288
1.34 0.05096160561435781
1.35 0.07765823626709079
1.36 0.11175669221970796
1.37 0.144705764074879
1.38 0.17643703562943802
1.39 0.2057169999945394
1.4 0.23287700495791697
1.41 0.2505965849513121
1.42 0.254747048387312
1.43 0.25875071250227055
1.44 0.28401369942514076
1.45 0.3126387144265239
1.46 0.3347157650657113
1.47 0.35096853100031034
1.48 0.3644330496548589
