0.0 4.770879113516626
0.01 4.77107362471536
0.02 4.771392942743774
0.03 4.77107936469292
0.04 4.771102762045846
0.05 4.771808107048806
0.06 4.773608714169201
0.07 4.7748026019076555
0.08 4.77517122480068
0.09 4.7750964289471955
0.1 4.773462886771499
0.11 4.772690256010326
0.12 4.771776632288228
0.13 4.768876349550064
0.14 4.766251261221457
0.15 4.76382149481808
0.16 4.760732933429505
0.17 4.75890966876464
0.18 4.757458476953088
0.19 4.756518029809616
0.2 4.755792455574249
0.21 4.754666973385672
0.22 4.754555305571547
0.23 4.754506477573627
0.24 4.755015284949444
0.25 4.756487363611414
0.26 4.7574444903079645
0.27 4.758548219702166
0.28 4.761074321578634
0.29 4.763082740482065
0.3 4.764582263140873
0.31 4.764286070662773
0.32 4.765830844124024
0.33 4.766442478853706
0.34 4.766829979028902
0.35 4.767025756740312
0.36 4.767092327491028
0.37 4.766311123467512
0.38 4.7656964890650215
0.39 4.7654737568478724
0.4 4.764425812921462
0.41 4.763953264092622
0.42 4.763039433936512
0.43 4.762182663606655
0.44 4.761337637876226
0.45 4.760660892772989
0.46 4.760599788491849
0.47 4.758675862562087
0.48 4.757336160905827
0.49 4.758057670469594
0.5 4.757366175842497
0.51 4.757329752513937
0.52 4.757886323151688
0.53 4.758577598406708
0.54 4.758766883133993
0.55 4.759190906875464
0.56 4.759662935929035
0.57 4.759890048726694
0.58 4.761095176160807
0.59 4.761966634399795
0.6 4.762715393174049
0.61 4.763908831826243
0.62 4.764330292206962
0.63 4.764733266509908
0.64 4.765357875011663
0.65 4.765488527906706
0.66 4.766314134061401
0.67 4.76651400618447
0.68 4.767103149593948
0.69 4.767627285390569
0.7 4.767906462104976
0.71 4.767979271821234
0.72 4.768349725883357
0.73 4.768641366338059
0.74 4.767211434428199
0.75 4.765926834047722
0.76 4.764767161400059
0.77 4.763236812604642
0.78 4.762550610611541
0.79 4.762251568734141
0.8 4.761503615361853
0.81 4.760467722102353
0.82 4.759820334168264
0.83 4.760165988071131
0.84 4.76016298426058
0.85 4.760353484252242
0.86 4.762163897023015
0.87 4.76307689210069
0.88 4.764512412342249
0.89 4.767182098700134
0.9 4.768763456289996
0.91 4.7712768619060055
0.92 4.7737740060231495
0.93 4.775137080840845
0.94 4.7762608077893125
0.95 4.775723416833772
0.96 4.7773290487489435
0.97 4.777407622732046
0.98 4.777803466151128
0.99 4.77735436298345
1.0 4.775981354363359
1.01 4.7755175492155795
1.02 4.774596438328454
1.03 4.774172944453632
1.04 4.771683138621972
1.05 4.772746566562532
1.06 4.772820486798734
1.07 4.77179601746671
1.08 4.770217079642065
1.09 4.769257221059098
1.1 4.768697415066697
1.11 4.769292667090971
1.12 4.768849661099303
1.13 4.769379820329826
1.14 4.76810531399883
1.15 4.768048595676231
1.16 4.768041569834017
1.17 4.769505173463302
1.18 4.770358521332851
1.19 4.7711024910756
1.2 4.771874258300581
1.21 4.7727238579605835
1.22 4.773329684156551
1.23 4.773706843864976
1.24 4.775303515959619
1.25 4.775373999838056
1.26 4.776331282354032
1.27 4.776891550410758
1.28 4.777323198903679
1.29 4.777287142569009
1.3 4.776612144932092
1.31 4.775609468707625
1.32 4.774632566254619
1.33 4.7741272045678365
1.34 4.774573632621133
1.35 4.774592810672883
1.36 4.775112421071151
1.37 4.774618475987015
1.38 4.772847968323937
1.39 4.7704294532421265
1.4 4.766869566899059
1.41 4.764573334600325
1.42 4.761489063997246
1.43 4.757009761774699
1.44 4.754349143589656
1.45 4.751230747683045
1.46 4.749020922974918
1.47 4.746284705004833
1.48 4.745044041520643
