0.0 1.1899934734649409
0.01 1.188015973464941
0.02 1.1858874734649407
0.03 1.1840279734649408
0.04 1.182041473464941
0.05 1.1798584734649409
0.06 1.178311473464941
0.07 1.176745473464941
0.08 1.1752949734649407
0.09 1.1739869734649409
0.1 1.1730049734649408
0.11 1.1723934734649408
0.12 1.1716634734649407
0.13 1.1714119734649409
0.14 1.1716754734649408
0.15 1.1723119734649408
0.16 1.1739054734649408
0.17 1.1754489734649407
0.18 1.1771389734649407
0.19 1.1789839734649408
0.2 1.1807974734649407
0.21 1.1826044734649408
0.22 1.1841804734649408
0.23 1.185621973464941
0.24 1.1870354734649409
0.25 1.1877069734649408
0.26 1.1883179734649407
0.27 1.1888779734649408
0.28 1.1895669734649408
0.29 1.190520973464941
0.3 1.1914404734649409
0.31 1.1925449734649407
0.32 1.193863473464941
0.33 1.1947629734649408
0.34 1.196667473464941
0.35 1.1980214734649408
0.36 1.1992919734649408
0.37 1.2002879734649408
0.38 1.2014064734649408
0.39 1.2029439734649408
0.4 1.2037024734649409
0.41 1.2048209734649409
0.42 1.2057114734649408
0.43 1.2061964734649409
0.44 1.2070139734649408
0.45 1.2073969734649408
0.46 1.2078539734649407
0.47 1.2079749734649408
0.48 1.2081304734649407
0.49 1.207809473464941
0.5 1.2071774734649408
0.51 1.2068859734649409
0.52 1.2064149734649408
0.53 1.205626473464941
0.54 1.2043679734649408
0.55 1.2032509734649408
0.56 1.2021179734649408
0.57 1.2005234734649408
0.58 1.1990894734649409
0.59 1.1976174734649407
0.6 1.1960994734649408
0.61 1.1943224734649407
0.62 1.1925739734649408
0.63 1.1904889734649409
0.64 1.1886084734649407
0.65 1.186439973464941
0.66 1.1846714734649408
0.67 1.182884973464941
0.68 1.1814294734649409
0.69 1.1800234734649409
0.7 1.178695973464941
0.71 1.1775324734649408
0.72 1.1767024734649407
0.73 1.1760549734649408
0.74 1.1753729734649407
0.75 1.174940473464941
0.76 1.1752734734649408
0.77 1.1764234734649408
0.78 1.1780329734649408
0.79 1.1797244734649408
0.8 1.1820074734649408
0.81 1.1840614734649408
0.82 1.1862989734649407
0.83 1.1882309734649408
0.84 1.1904744734649408
0.85 1.1924094734649409
0.86 1.1937124734649407
0.87 1.195230973464941
0.88 1.196562473464941
0.89 1.1972334734649408
0.9 1.1977954734649408
0.91 1.1983014734649409
0.92 1.1987184734649408
0.93 1.1993499734649409
0.94 1.2002759734649409
0.95 1.2007879734649407
0.96 1.2013789734649407
0.97 1.202630473464941
0.98 1.203701473464941
0.99 1.2044489734649408
1.0 1.2052889734649408
1.01 1.2059539734649407
1.02 1.2068924734649409
1.03 1.2077674734649408
1.04 1.2084899734649408
1.05 1.2087849734649407
1.06 1.2095929734649407
1.07 1.209917473464941
1.08 1.2104019734649407
1.09 1.2111069734649407
1.1 1.2114464734649408
1.11 1.2112734734649409
1.12 1.2112184734649407
1.13 1.2110049734649408
1.14 1.2110839734649408
1.15 1.2105024734649408
1.16 1.2097464734649408
1.17 1.2090094734649408
1.18 1.2077734734649408
1.19 1.2068079734649408
1.2 1.2055264734649407
1.21 1.2044624734649407
1.22 1.2030464734649406
1.23 1.2016084734649408
1.24 1.199850473464941
1.25 1.1979829734649408
1.26 1.1959059734649409
1.27 1.1936419734649408
1.28 1.1912454734649407
1.29 1.1889554734649408
1.3 1.1867124734649408
1.31 1.1846174734649408
1.32 1.1825399734649409
1.33 1.1803169734649408
1.34 1.1780419734649408
1.35 1.176161973464941
1.36 1.1744644734649408
1.37 1.1729714734649408
1.38 1.1722744734649408
1.39 1.171534973464941
1.4 1.1714444734649407
1.41 1.1709589734649408
1.42 1.1708014734649408
1.43 1.172325973464941
1.44 1.1737469734649408
1.45 1.1753929734649409
1.46 1.1773669734649408
1.47 1.1793254734649408
1.48 1.1810694734649407
