0.0 -0.1630247189633236
0.01 -0.16655880927307187
0.02 -0.16978273724025872
0.03 -0.17191388200275526
0.04 -0.175482798342264
0.05 -0.17724433834833153
0.06 -0.18058280397912174
0.07 -0.18206538417643436
0.08 -0.18100528838787433
0.09 -0.1795627725121367
0.1 -0.17607667978657382
0.11 -0.17225445904648673
0.12 -0.1655439589910479
0.13 -0.1582977595366657
0.14 -0.15033419602072584
0.15 -0.14373762756925412
0.16 -0.13472070712787598
0.17 -0.12680773099570875
0.18 -0.11817745899485388
0.19 -0.10907493997905071
0.2 -0.09956815335434133
0.21 -0.08744481619273348
0.22 -0.07722655268653789
0.23 -0.06441024046916333
0.24 -0.05305051692291052
0.25 -0.04176127189488543
0.26 -0.030255421786933745
0.27 -0.019014773550291686
0.28 -0.011204949407866316
0.29 -0.0031051376895669947
0.3 0.0044916623651065635
0.31 0.011771041162250917
0.32 0.017574370629447778
0.33 0.02330860045503602
0.34 0.028758876505113662
0.35 0.03510947013007204
0.36 0.04215284777691419
0.37 0.0506465791714632
0.38 0.0586039530585154
0.39 0.06618195047953979
0.4 0.0745384442414041
0.41 0.0829211984460505
0.42 0.09126260678485565
0.43 0.09925607563810335
0.44 0.10716728671104914
0.45 0.11309449460288157
0.46 0.11948204414524888
0.47 0.12625385625667196
0.48 0.1316195036142629
0.49 0.13520567942749917
0.5 0.1397774162769041
0.51 0.14399922230310835
0.52 0.14602573070116254
0.53 0.14808749913090047
0.54 0.1502248189392752
0.55 0.1516620574218166
0.56 0.15423409721988257
0.57 0.15546895525076287
0.58 0.1562194136349584
0.59 0.15698572951916923
0.6 0.15788959424330518
0.61 0.158838337947933
0.62 0.15949097187533923
0.63 0.16001050479954682
0.64 0.1599034275379525
0.65 0.16059377682554743
0.66 0.16043183185610133
0.67 0.15989241177037616
0.68 0.15890666348190852
0.69 0.15809531209094718
0.7 0.1569856729219241
0.71 0.15664537496274722
0.72 0.15554870647373598
0.73 0.15366206271350968
0.74 0.1561238928978419
0.75 0.15692732912829221
0.76 0.15763358341482725
0.77 0.15811238008846562
0.78 0.1592140628411034
0.79 0.1585833243552477
0.8 0.158489641498881
0.81 0.15949103970970313
0.82 0.15934833662576509
0.83 0.15949702456825676
0.84 0.15939708182981693
0.85 0.15899358697504073
0.86 0.15769670510638445
0.87 0.1571473235191112
0.88 0.1554220846984231
0.89 0.15078115856871843
0.9 0.14756911532844175
0.91 0.1419776747408399
0.92 0.13357778922412145
0.93 0.12597646938435325
0.94 0.11779634700330721
0.95 0.10964562625000696
0.96 0.09769185445053186
0.97 0.08728108267169432
0.98 0.07571590041087006
0.99 0.06283329944783045
1.0 0.052261251511816376
1.01 0.03978346394828858
1.02 0.02842256384343056
1.03 0.01568540340378277
1.04 0.005715316436328166
1.05 -0.007822390687274527
1.06 -0.019098464018931338
1.07 -0.029211303040178827
1.08 -0.03838980182472618
1.09 -0.04737371136837876
1.1 -0.056342949336916526
1.11 -0.06573546087897952
1.12 -0.07326305182509163
1.13 -0.08130303058968202
1.14 -0.08652023368056572
1.15 -0.0927963672686305
1.16 -0.09944679355630637
1.17 -0.10589876891863614
1.18 -0.111276501536679
1.19 -0.11649799078870426
1.2 -0.12127584792307555
1.21 -0.12553411261155212
1.22 -0.12929957720831187
1.23 -0.1333672200186573
1.24 -0.1375438206188715
1.25 -0.1418135986660971
1.26 -0.14552266073161757
1.27 -0.1484926350592488
1.28 -0.15106983138682306
1.29 -0.15282193663506316
1.3 -0.15343924684008048
1.31 -0.1539462191702885
1.32 -0.15383090290557622
1.33 -0.1548692834403882
1.34 -0.15442018909259136
1.35 -0.1541178539607726
1.36 -0.15320539755466456
1.37 -0.15082682171540185
1.38 -0.14559168661637845
1.39 -0.13998786388812867
1.4 -0.1315902381574352
1.41 -0.12303249720230625
1.42 -0.11436240702076361
1.43 -0.10747576998054154
1.44 -0.0985180326718984
1.45 -0.08815274821679697
1.46 -0.07939946111032636
1.47 -0.0700234873759884
1.48 -0.060013188597909384
