0.0 2.8105540937108744
0.01 2.812867262993028
0.02 2.814718562498985
0.03 2.8159178345850755
0.04 2.817768423554429
0.05 2.8181374303946107
0.06 2.820911981870583
0.07 2.8244868102122784
0.08 2.8241029181590127
0.09 2.823615805436873
0.1 2.823579275698469
0.11 2.824008100929211
0.12 2.824563819500503
0.13 2.820652813622684
0.14 2.8195553563131
0.15 2.817108114086886
0.16 2.8149762468946857
0.17 2.8116722142713266
0.18 2.8098734214248253
0.19 2.809175810707928
0.2 2.8075767132175455
0.21 2.8075814084273416
0.22 2.8087450990655505
0.23 2.80939389587423
0.24 2.811548156390704
0.25 2.81563106736652
0.26 2.8176001215987885
0.27 2.8217165636836645
0.28 2.8270504130253777
0.29 2.831064327272431
0.3 2.8319297552725264
0.31 2.8304874593807714
0.32 2.831040173693962
0.33 2.82897577129532
0.34 2.827059479281255
0.35 2.824208860032255
0.36 2.8202074650998066
0.37 2.816270781816727
0.38 2.8105246844670138
0.39 2.805806399058592
0.4 2.8002247253608292
0.41 2.7965854698586483
0.42 2.7911915888896024
0.43 2.786599131713364
0.44 2.783298607462374
0.45 2.7794444681852206
0.46 2.7772900786068195
0.47 2.7733123137586078
0.48 2.771120932057467
0.49 2.770781667674392
0.5 2.7690878134326695
0.51 2.769212992789659
0.52 2.769103796665923
0.53 2.7702531115596214
0.54 2.7707207435198455
0.55 2.7717431665582906
0.56 2.773604681310757
0.57 2.7746609798748167
0.58 2.7782659978114244
0.59 2.7791635640258114
0.6 2.7819987955889474
0.61 2.7837397262090913
0.62 2.78587718867531
0.63 2.7881669447238195
0.64 2.790606705916008
0.65 2.7927449090958687
0.66 2.795243729031801
0.67 2.7972073191573243
0.68 2.7997327293336864
0.69 2.8015048529542965
0.7 2.8031229469765515
0.71 2.8051468193539666
0.72 2.8066630629933744
0.73 2.8081713938697708
0.74 2.807603742608917
0.75 2.8076532043423277
0.76 2.807307972702044
0.77 2.8065461750382132
0.78 2.806690385978982
0.79 2.806422931930083
0.8 2.8064136086475067
0.81 2.806119728141239
0.82 2.8069998442195843
0.83 2.8079857574536398
0.84 2.809483996432996
0.85 2.811408044965554
0.86 2.816264263977605
0.87 2.819560810706816
0.88 2.8244050772848803
0.89 2.83075234396512
0.9 2.835672611957502
0.91 2.841317042300429
0.92 2.8458500289294024
0.93 2.8491220600860343
0.94 2.851334812943989
0.95 2.8500688128437206
0.96 2.8511854878903296
0.97 2.84957308365935
0.98 2.847593032186522
0.99 2.8431952252145094
1.0 2.8383911096711247
1.01 2.83408822547465
1.02 2.828879436514386
1.03 2.8239020387000897
1.04 2.8170981871220335
1.05 2.8144637074906527
1.06 2.812303677677896
1.07 2.8085201570095224
1.08 2.8053167142156497
1.09 2.803113978049391
1.1 2.801704432088367
1.11 2.801600880702537
1.12 2.801395352772576
1.13 2.8017064642638845
1.14 2.8010488800907942
1.15 2.8017926350655853
1.16 2.801703944846322
1.17 2.8048324184595783
1.18 2.80777127442037
1.19 2.809277427758583
1.2 2.812329307471879
1.21 2.815442840630797
1.22 2.817425864258054
1.23 2.8202694571702356
1.24 2.824486629374472
1.25 2.8264135129377372
1.26 2.8302756957574324
1.27 2.8328494160249993
1.28 2.835873336637731
1.29 2.837387051682467
1.3 2.8391208937352097
1.31 2.8404903232186354
1.32 2.8412432841190496
1.33 2.8419195582971577
1.34 2.8444783596813914
1.35 2.8455164168994744
1.36 2.8474493078077794
1.37 2.847853362367487
1.38 2.8471351148441113
1.39 2.8450851842051135
1.4 2.8429408280399135
1.41 2.8413192013554616
1.42 2.837925035423588
1.43 2.8320318657986094
1.44 2.828260163392276
1.45 2.8215338730490807
1.46 2.817140512194997
1.47 2.8124972533349664
1.48 2.8094193795067866
