0.0 -0.5534578875952212
0.01 -0.5553419444001957
0.02 -0.5553081517469387
0.03 -0.561158883711248
0.04 -0.5604596992191073
0.05 -0.5604448673227047
0.06 -0.5590082421726867
0.07 -0.5583208435103018
0.08 -0.5626759711251559
0.09 -0.56435786350821
0.1 -0.563069719435422
0.11 -0.5615064864433057
0.12 -0.564634014319596
0.13 -0.5631577889403871
0.14 -0.5629911732009827
0.15 -0.5603028293216843
0.16 -0.5554716261848984
0.17 -0.549768089891213
0.18 -0.5431262731602704
0.19 -0.5364062371802714
0.2 -0.5333870131814038
0.21 -0.5348814510859858
0.22 -0.5321746224275792
0.23 -0.5342488916953743
0.24 -0.5360156012165627
0.25 -0.5418302204300458
0.26 -0.5492582588992416
0.27 -0.5523152583963196
0.28 -0.5546848834696885
0.29 -0.5575549070796244
0.3 -0.5615454606633108
0.31 -0.560101385968359
0.32 -0.5599737743340878
0.33 -0.5557020485221322
0.34 -0.5526692900549577
0.35 -0.5545361022987745
0.36 -0.5569923669164458
0.37 -0.5603135275921005
0.38 -0.563089484277798
0.39 -0.5676470661705286
0.4 -0.5768657277001186
0.41 -0.585903327325231
0.42 -0.5910230844010238
0.43 -0.5967465062269133
0.44 -0.605346661627002
0.45 -0.6105677172861039
0.46 -0.6182673108592018
0.47 -0.6220312252232105
0.48 -0.6233105245442845
0.49 -0.6247705204026053
0.5 -0.6272625386249215
0.51 -0.6315451839860948
0.52 -0.6316572344952709
0.53 -0.6323909809740726
0.54 -0.6319986983448969
0.55 -0.6294329837707195
0.56 -0.6290333500491201
0.57 -0.6258798781372832
0.58 -0.6238020242428686
0.59 -0.6218053464424811
0.6 -0.6209710970633893
0.61 -0.6204167032513412
0.62 -0.6190907955058789
0.63 -0.6163399521229893
0.64 -0.6140185101770017
0.65 -0.6136978471812018
0.66 -0.6116705980692441
0.67 -0.6093783147290077
0.68 -0.605503489047865
0.69 -0.603991919249852
0.7 -0.6005954126171762
0.71 -0.598003308954528
0.72 -0.5947582814755901
0.73 -0.5891594073036073
0.74 -0.5902086233631181
0.75 -0.5899495320111461
0.76 -0.5889269397984931
0.77 -0.5867504302803423
0.78 -0.5873178516414681
0.79 -0.5865304750325322
0.8 -0.5853398916047787
0.81 -0.5840863845634958
0.82 -0.5851191990736844
0.83 -0.5865616774522797
0.84 -0.5862325331507581
0.85 -0.5906224702690386
0.86 -0.5911945430170231
0.87 -0.597034106083278
0.88 -0.6008391211746389
0.89 -0.600860380309058
0.9 -0.604819448430848
0.91 -0.6074604822827121
0.92 -0.6025586685582462
0.93 -0.5970807999388761
0.94 -0.5939853007388898
0.95 -0.5862443629581113
0.96 -0.5765001039972732
0.97 -0.565797689273432
0.98 -0.5548317163786232
0.99 -0.5428351692692583
1.0 -0.5309124115056552
1.01 -0.5194149039255329
1.02 -0.5102590524978128
1.03 -0.49905302736848967
1.04 -0.4907226166488847
1.05 -0.4859484405514971
1.06 -0.4787945440862593
1.07 -0.47654314460131886
1.08 -0.47360871614546785
1.09 -0.4724750292289501
1.1 -0.4747686552832997
1.11 -0.4769099410161992
1.12 -0.48163939744100315
1.13 -0.48665959255700564
1.14 -0.4953598346519268
1.15 -0.50413090386379
1.16 -0.5094537264524854
1.17 -0.5200635813637122
1.18 -0.5301044258195988
1.19 -0.5399992617674139
1.2 -0.551437964662326
1.21 -0.5612134769958734
1.22 -0.5726203774435223
1.23 -0.5809432649204007
1.24 -0.58992248213137
1.25 -0.5958654693358163
1.26 -0.6021291686046979
1.27 -0.6102391578108275
1.28 -0.6155753444383745
1.29 -0.6226394569229097
1.3 -0.6290114282955872
1.31 -0.6329848736764965
1.32 -0.6372316709844723
1.33 -0.6388242651815101
1.34 -0.6431856605758104
1.35 -0.642391141748198
1.36 -0.642224143754277
1.37 -0.6408505262227457
1.38 -0.6405097773446258
1.39 -0.6384065710927942
1.4 -0.6360785819491426
1.41 -0.6361809553548747
1.42 -0.6319861296499827
1.43 -0.618398840948287
1.44 -0.609976437422282
1.45 -0.6021935510147056
1.46 -0.593730780267923
1.47 -0.5813351209072248
1.48 -0.5728219259185785
