0.0 -1.2661399350141447
0.01 -1.2559475103162896
0.02 -1.2502918925303823
0.03 -1.2465814241584128
0.04 -1.2330148821595235
0.05 -1.2348460108590853
0.06 -1.235257990888278
0.07 -1.2410780653640745
0.08 -1.2376519224956914
0.09 -1.2399090077436377
0.1 -1.2494154729842615
0.11 -1.2535536383377655
0.12 -1.2558852442781703
0.13 -1.2203943934702708
0.14 -1.167814198589193
0.15 -1.122126506541616
0.16 -1.1088005680733621
0.17 -1.1073046860577542
0.18 -1.0962489149875485
0.19 -1.0968497649165316
0.2 -1.1090975061241521
0.21 -1.1283207677491225
0.22 -1.1454874574631648
0.23 -1.1527591936188881
0.24 -1.1624954501399163
0.25 -1.1752229099791136
0.26 -1.187671548363824
0.27 -1.193718931118223
0.28 -1.206454874126353
0.29 -1.2145541926597683
0.3 -1.222603515699003
0.31 -1.2299427601193624
0.32 -1.2371408756720528
0.33 -1.2460915081079325
0.34 -1.2564806676168638
0.35 -1.263774680104238
0.36 -1.2697188317262156
0.37 -1.2742283998968276
0.38 -1.2822066553383946
0.39 -1.2916194379978285
0.4 -1.2946871001159814
0.41 -1.3018329910861373
0.42 -1.3061703781100462
0.43 -1.3116115781892224
0.44 -1.3189717666532768
0.45 -1.324214104203873
0.46 -1.3277642325592867
0.47 -1.3342699233865605
0.48 -1.339846690910897
0.49 -1.3454196385085067
0.5 -1.3480901332890642
0.51 -1.353671260126029
0.52 -1.3582150835981706
0.53 -1.362627444479946
0.54 -1.3683634825973616
0.55 -1.3741868092134562
0.56 -1.3816428125825588
0.57 -1.3887589801244675
0.58 -1.394715291259431
0.59 -1.3992943401617843
0.6 -1.4057884346759901
0.61 -1.4145857290997657
0.62 -1.4193308024546312
0.63 -1.425083155685157
0.64 -1.4330026713555006
0.65 -1.439387338842839
0.66 -1.4427373630789857
0.67 -1.4482176620290184
0.68 -1.4489646774710883
0.69 -1.4505179262765506
0.7 -1.4472087506164732
0.71 -1.44155533198921
0.72 -1.4420234188353827
0.73 -1.430643052766654
0.74 -1.423020947459659
0.75 -1.4142690410623548
0.76 -1.4019615843857522
0.77 -1.3799691287312243
0.78 -1.359064348977677
0.79 -1.3335800647368705
0.8 -1.3065286440629373
0.81 -1.274446142537215
0.82 -1.2385159557653163
0.83 -1.1984524125029754
0.84 -1.1529997690409948
0.85 -1.1141284183059899
0.86 -1.05768413536223
0.87 -1.0053411537183816
0.88 -0.978520926880706
0.89 -0.957474417763919
0.9 -0.9295348848249443
0.91 -0.9071077120217481
0.92 -0.879690452553584
0.93 -0.8445265876131218
0.94 -0.8158127754486539
0.95 -0.7850768084052708
0.96 -0.7606923356834772
0.97 -0.7562136736092278
0.98 -0.7707935770374652
0.99 -0.7943582081804159
1.0 -0.8293799076105381
1.01 -0.8814429284203857
1.02 -0.9263787350394184
1.03 -0.9576665980146997
1.04 -1.0021033298377962
1.05 -1.032716310014119
1.06 -1.0641226707642053
1.07 -1.099631978638965
1.08 -1.130845606406603
1.09 -1.1621151158717904
1.1 -1.1947574937154792
1.11 -1.2194812648148083
1.12 -1.2405301634295869
1.13 -1.253824674678114
1.14 -1.2663192968051264
1.15 -1.278610255051507
1.16 -1.2887516706762336
1.17 -1.3027242270256103
1.18 -1.306843540914561
1.19 -1.3140266147008002
1.2 -1.317193598355642
1.21 -1.3135372215387697
1.22 -1.3193747296160092
1.23 -1.3033034927148965
1.24 -1.3091683598474808
1.25 -1.3058474852067166
1.26 -1.297720815046437
1.27 -1.3068045463962568
1.28 -1.2976561861872047
1.29 -1.2884669396148207
1.3 -1.275251584240384
1.31 -1.2696694594663764
1.32 -1.2623891661948816
1.33 -1.2587671207015738
1.34 -1.2573551460231647
1.35 -1.2518372341205986
1.36 -1.261554105934259
1.37 -1.26771671565377
1.38 -1.2680364826844683
1.39 -1.2793983839623935
1.4 -1.2727139987448028
1.41 -1.2181433436739435
1.42 -1.1599231501106777
1.43 -1.1261989826522623
1.44 -1.1093485896154123
1.45 -1.1077625791988788
1.46 -1.1021016808328596
1.47 -1.0953930967604473
1.48 -1.1077800070990822
