0.0 0.7362480633762022
0.01 0.7263870633762022
0.02 0.7163615633762022
0.03 0.7061100633762022
0.04 0.6958950633762021
0.05 0.6859655633762022
0.06 0.6767945633762021
0.07 0.6670640633762022
0.08 0.6567115633762021
0.09 0.6460435633762022
0.1 0.6342495633762021
0.11 0.6229155633762021
0.12 0.6111555633762021
0.13 0.5985605633762022
0.14 0.5858720633762021
0.15 0.5734690633762022
0.16 0.5604230633762021
0.17 0.5480210633762022
0.18 0.5357545633762022
0.19 0.5235530633762021
0.2 0.5116965633762022
0.21 0.4992705633762021
0.22 0.4871490633762021
0.23 0.4751920633762022
0.24 0.46357556337620215
0.25 0.4526290633762022
0.26 0.4415715633762022
0.27 0.43048806337620216
0.28 0.4206495633762022
0.29 0.41055406337620215
0.3 0.4007950633762022
0.31 0.3902335633762022
0.32 0.3808540633762022
0.33 0.3713460633762022
0.34 0.3615990633762022
0.35 0.3521305633762022
0.36 0.3425790633762022
0.37 0.33255906337620217
0.38 0.3227355633762022
0.39 0.3132940633762022
0.4 0.30354606337620216
0.41 0.2939650633762022
0.42 0.28415356337620223
0.43 0.2746285633762022
0.44 0.2650860633762021
0.45 0.25561306337620215
0.46 0.24639556337620216
0.47 0.23634006337620217
0.48 0.22661106337620215
0.49 0.21786406337620218
0.5 0.20834206337620217
0.51 0.19899956337620214
0.52 0.19004106337620216
0.53 0.18108606337620217
0.54 0.17174656337620217
0.55 0.16248306337620216
0.56 0.15316206337620214
0.57 0.14356506337620217
0.58 0.13434656337620215
0.59 0.12509456337620217
0.6 0.11558356337620217
0.61 0.10606206337620215
0.62 0.09634156337620214
0.63 0.08634356337620215
0.64 0.07659056337620215
0.65 0.06640356337620215
0.66 0.056485563376202155
0.67 0.04627656337620216
0.68 0.036035063376202145
0.69 0.02575556337620215
0.7 0.015239563376202154
0.71 0.004541563376202155
0.72 -0.006172436623797845
0.73 -0.01706443662379785
0.74 -0.029004936623797845
0.75 -0.04096743662379785
0.76 -0.05285643662379785
0.77 -0.06499343662379785
0.78 -0.07711693662379786
0.79 -0.08897643662379785
0.8 -0.10102343662379785
0.81 -0.11355743662379784
0.82 -0.12594643662379784
0.83 -0.13784943662379784
0.84 -0.14988243662379785
0.85 -0.16189993662379784
0.86 -0.17338293662379783
0.87 -0.18486693662379783
0.88 -0.19617743662379783
0.89 -0.20682843662379782
0.9 -0.21765443662379783
0.91 -0.22793593662379785
0.92 -0.23785993662379784
0.93 -0.24822643662379784
0.94 -0.25852343662379784
0.95 -0.2692944366237978
0.96 -0.27875993662379783
0.97 -0.2891004366237978
0.98 -0.2989769366237979
0.99 -0.30886143662379784
1.0 -0.3192274366237978
1.01 -0.3290714366237979
1.02 -0.3392169366237978
1.03 -0.34880093662379785
1.04 -0.35943143662379784
1.05 -0.36784893662379786
1.06 -0.3772784366237978
1.07 -0.38708593662379787
1.08 -0.39730743662379786
1.09 -0.40724543662379786
1.1 -0.4166179366237978
1.11 -0.42557243662379785
1.12 -0.4353544366237978
1.13 -0.44446943662379784
1.14 -0.4546359366237978
1.15 -0.4641409366237978
1.16 -0.47363493662379785
1.17 -0.48261893662379785
1.18 -0.4920054366237978
1.19 -0.5013739366237978
1.2 -0.5107864366237979
1.21 -0.5204229366237978
1.22 -0.5300384366237979
1.23 -0.5399129366237978
1.24 -0.5492959366237978
1.25 -0.5592794366237979
1.26 -0.5691709366237978
1.27 -0.5791314366237978
1.28 -0.5892524366237978
1.29 -0.599623936623798
1.3 -0.6105479366237978
1.31 -0.6217479366237978
1.32 -0.6328209366237978
1.33 -0.6436884366237979
1.34 -0.6544249366237979
1.35 -0.6652894366237979
1.36 -0.6762149366237978
1.37 -0.6877354366237979
1.38 -0.7002449366237978
1.39 -0.7132544366237977
1.4 -0.7270639366237979
1.41 -0.7401154366237979
1.42 -0.7536424366237978
1.43 -0.7678284366237978
1.44 -0.7813539366237978
1.45 -0.7950874366237978
1.46 -0.8084424366237979
1.47 -0.8220949366237978
1.48 -0.8351969366237978
