0.0 -1.486568113717074
0.01 -1.4889981998216566
0.02 -1.4932561596423364
0.03 -1.493923485097071
0.04 -1.4953279488854267
0.05 -1.4981021130179735
0.06 -1.4994845241350285
0.07 -1.501271718059415
0.08 -1.5009877122929005
0.09 -1.4991153779919961
0.1 -1.4938646696693119
0.11 -1.48691950351868
0.12 -1.4816971826426917
0.13 -1.4678038215164686
0.14 -1.4523768351208677
0.15 -1.4324765332074652
0.16 -1.4111714576667436
0.17 -1.3785995023259572
0.18 -1.3416409938809202
0.19 -1.3009045999593116
0.2 -1.2546394343630407
0.21 -1.2005313560175699
0.22 -1.1427647187974372
0.23 -1.0912487031573432
0.24 -1.0572728473959305
0.25 -1.026676017192579
0.26 -1.005070558853424
0.27 -0.9646947380201247
0.28 -0.9323548495347866
0.29 -0.8913582867728183
0.3 -0.8560210645361286
0.31 -0.8169055066465489
0.32 -0.7944073528276068
0.33 -0.7903099040472945
0.34 -0.8099572733142484
0.35 -0.8451493003770381
0.36 -0.8955900325869104
0.37 -0.9377283352501342
0.38 -0.9831380747942822
0.39 -1.0151847585717935
0.4 -1.04350092012072
0.41 -1.0595334192637003
0.42 -1.0790719031811946
0.43 -1.0943510657506792
0.44 -1.1268612206023105
0.45 -1.1609194824013196
0.46 -1.1996159469389864
0.47 -1.2229722822071922
0.48 -1.2524381326103349
0.49 -1.2670059320146216
0.5 -1.2881244810513448
0.51 -1.294531990584546
0.52 -1.3010561648835544
0.53 -1.311862446058118
0.54 -1.3144096993992105
0.55 -1.305701535828633
0.56 -1.3023931287291965
0.57 -1.293653539883882
0.58 -1.277141441783948
0.59 -1.2556329654682306
0.6 -1.2343267351207126
0.61 -1.2045798297443477
0.62 -1.1951326478184212
0.63 -1.1834601518451238
0.64 -1.183213215044677
0.65 -1.1785144180166576
0.66 -1.1731435975555637
0.67 -1.1679026787571387
0.68 -1.1664314644344826
0.69 -1.1685778893325187
0.7 -1.1722528658415237
0.71 -1.176491722277735
0.72 -1.183123313696404
0.73 -1.1956760246763936
0.74 -1.1923622726024354
0.75 -1.167169759897941
0.76 -1.1194370274159358
0.77 -1.1027617290624616
0.78 -1.0905045149459838
0.79 -1.0839988860188625
0.8 -1.1082752633173714
0.81 -1.1211326204299503
0.82 -1.1277916629244222
0.83 -1.1492181147427658
0.84 -1.1643511604279868
0.85 -1.1791150463747901
0.86 -1.1933063872682763
0.87 -1.2079834677252972
0.88 -1.2199773155208251
0.89 -1.2355581994989078
0.9 -1.2487787474164351
0.91 -1.2615107008934325
0.92 -1.2726768422420824
0.93 -1.281456722363933
0.94 -1.2930803384187186
0.95 -1.3015938016658195
0.96 -1.3133151018400557
0.97 -1.3224962920866514
0.98 -1.3330562529232965
0.99 -1.3419130079835853
1.0 -1.3511881852894638
1.01 -1.3586715527755509
1.02 -1.3665177907846484
1.03 -1.3747674064639552
1.04 -1.3803483054418297
1.05 -1.3867343307568216
1.06 -1.3970487127228952
1.07 -1.4034145899276633
1.08 -1.405766501511538
1.09 -1.409074778788233
1.1 -1.4158942144079019
1.11 -1.420996400874821
1.12 -1.4252983115357667
1.13 -1.4289478734306837
1.14 -1.428247647948262
1.15 -1.4339906013049495
1.16 -1.4390774775304762
1.17 -1.4418571477777173
1.18 -1.4432705450249452
1.19 -1.448640837891352
1.2 -1.4545713939124671
1.21 -1.458818787434022
1.22 -1.4581007282567442
1.23 -1.465315136980538
1.24 -1.4696074137844013
1.25 -1.473981293046903
1.26 -1.4773868304415227
1.27 -1.4801119645235299
1.28 -1.4813729400530238
1.29 -1.4859290699488032
1.3 -1.4844909153378651
1.31 -1.4838469567773531
1.32 -1.4860918738978621
1.33 -1.487803312446652
1.34 -1.4895711751780767
1.35 -1.4901871869093557
1.36 -1.4875260165800026
1.37 -1.4867806202625578
1.38 -1.4797968166681912
1.39 -1.4684174192964679
1.4 -1.4585354279120968
1.41 -1.4400908771817331
1.42 -1.4166844089874746
1.43 -1.3904983993945925
1.44 -1.3563594615998817
1.45 -1.32018154313863
1.46 -1.2811855472723188
1.47 -1.2377871348808664
1.48 -1.1792762986955987
