0.0 3.2543528181795387
0.01 3.2536466271960913
0.02 3.2529462490673846
0.03 3.2522415594125977
0.04 3.2515185539307514
0.05 3.250760543789446
0.06 3.2499488412643216
0.07 3.2490701531746335
0.08 3.2481266990904607
0.09 3.247141779897526
0.1 3.2461562225368805
0.11 3.245213083236692
0.12 3.244336655307343
0.13 3.2435207903122474
0.14 3.2427391857148757
0.15 3.2419679479263186
0.16 3.2411968247621346
0.17 3.2404268093021336
0.18 3.239668279486274
0.19 3.2389440925641892
0.2 3.238289924302809
0.21 3.237740590736824
0.22 3.237307514935574
0.23 3.236967967991135
0.24 3.23667358633891
0.25 3.2363703532420827
0.26 3.2360164211534883
0.27 3.2355885865164065
0.28 3.2350822001327915
0.29 3.234507842818873
0.3 3.2338842517500845
0.31 3.233231554531497
0.32 3.2325645649791834
0.33 3.23188799190426
0.34 3.2312005385544644
0.35 3.2305032427101184
0.36 3.229802381438414
0.37 3.22910755692858
0.38 3.22842852358228
0.39 3.227771361538474
0.4 3.2271376317357823
0.41 3.226527361800887
0.42 3.22593974126373
0.43 3.2253713458702675
0.44 3.2248146687023382
0.45 3.2242573330029414
0.46 3.2236863397964286
0.47 3.2230952656199814
0.48 3.222485850050752
0.49 3.221865872765714
0.5 3.2212495895542856
0.51 3.220658520004558
0.52 3.2201191480741302
0.53 3.219657722123384
0.54 3.219292132930503
0.55 3.219025572254077
0.56 3.2188477144730703
0.57 3.2187407942781716
0.58 3.218686838001327
0.59 3.2186736907597258
0.6 3.218696599577254
0.61 3.218756012840697
0.62 3.2188516050209173
0.63 3.218972300798581
0.64 3.2190908743931845
0.65 3.219170498701447
0.66 3.21917772493567
0.67 3.2190935799239546
0.68 3.2189191152153906
0.69 3.2186725963298626
0.7 3.2183795799598505
0.71 3.2180616920835736
0.72 3.217727355789491
0.73 3.2173668507297615
0.74 3.216954512656915
0.75 3.2164555058932143
0.76 3.215833877360276
0.77 3.2150627389915485
0.78 3.214135144043629
0.79 3.2130714674403817
0.8 3.2119184137822954
0.81 3.2107372748335017
0.82 3.2095882228155923
0.83 3.2085184281404207
0.84 3.2075545365204707
0.85 3.2066994789009615
0.86 3.2059347546056154
0.87 3.205229129441695
0.88 3.2045529186438544
0.89 3.2038904987352668
0.9 3.203243146189707
0.91 3.202620925815221
0.92 3.2020297542401224
0.93 3.201463092488123
0.94 3.2008995111492897
0.95 3.200303309812761
0.96 3.1996301615941776
0.97 3.1988365947178896
0.98 3.1978908784838884
0.99 3.1967852597811226
1.0 3.1955434926742456
1.01 3.1942146226421086
1.02 3.1928527037131205
1.03 3.191496215978939
1.04 3.1901618338196944
1.05 3.1888490712697584
1.06 3.1875449074110516
1.07 3.186228717063707
1.08 3.184881673696626
1.09 3.1834980119499057
1.1 3.182091845440247
1.11 3.180695991518024
1.12 3.1793538921778657
1.13 3.1781100145125323
1.14 3.1770043525932254
1.15 3.1760666367200776
1.16 3.1753055468148124
1.17 3.1747020861821307
1.18 3.1742153237706057
1.19 3.1737964349034606
1.2 3.1734017475822482
1.21 3.173000104009695
1.22 3.172576683800501
1.23 3.172133571847911
1.24 3.171683350593662
1.25 3.1712365628056176
1.26 3.170791531725763
1.27 3.170334968271953
1.28 3.1698515108973826
1.29 3.169331643463701
1.3 3.168774136258073
1.31 3.1681890500925105
1.32 3.167602691102709
1.33 3.167056555423475
1.34 3.1665950170889303
1.35 3.166248727532448
1.36 3.166024638889233
1.37 3.1659050170205636
1.38 3.165851547073727
1.39 3.1658120676462906
1.4 3.1657312313234556
1.41 3.165565720509452
1.42 3.1652964435579314
1.43 3.1649304387220285
1.44 3.1644953396662117
1.45 3.1640289157738524
1.46 3.163565587626728
1.47 3.163128278829009
1.48 3.1627295116982137
1.49 3.1623739508597706
1.5 3.162057424452469
1.51 3.1617687676392996
1.52 3.161495906455313
1.53 3.1612298754731647
1.54 3.160965028104194
1.55 3.1606944418954273
1.56 3.1604012799017953
1.57 3.1600556364810846
1.58 3.1596209680921823
1.59 3.1590622936576382
1.6 3.1583540804383823
1.61 3.1574904641105737
1.62 3.1564918135188798
1.63 3.1554017892255337
1.64 3.154278492875992
1.65 3.153183427402665
1.66 3.152169448748732
1.67 3.151272839126936
1.68 3.150513629058938
1.69 3.149902729747297
1.7 3.1494511351008883
1.71 3.1491765803756238
1.72 3.149104511107951
1.73 3.149259460129656
1.74 3.1496506304367733
1.75 3.150261748265126
1.76 3.151045092385127
1.77 3.151919194814551
1.78 3.1527782238889546
1.79 3.153512407883877
1.8 3.1540295647712586
1.81 3.1542722372473175
1.82 3.154227768840508
1.83 3.1539309084950813
1.84 3.153458854885788
1.85 3.1529111687212836
1.86 3.152377523093594
1.87 3.1519127926602577
1.88 3.151529459966691
1.89 3.1512028232028184
1.9 3.1508830175657723
1.91 3.150512390873857
1.92 3.1500445707263385
1.93 3.1494576361673134
1.94 3.1487629197544296
1.95 3.1480123452066273
1.96 3.1472926484675625
1.97 3.146701007991822
1.98 3.146316587188237
1.99 3.1461802606188503
2.0 3.146287259960757
2.01 3.146594560759041
2.02 3.1470381072576785
2.03 3.1475533055151104
2.04 3.148091770316011
2.05 3.1486274055785537
