0.0 1.3597148984040133
0.01 1.3605688529549402
0.02 1.361423172612493
0.03 1.362294347995686
0.04 1.3631952888198815
0.05 1.3641217574736526
0.06 1.3650528652140603
0.07 1.3659591354844238
0.08 1.3668141151110196
0.09 1.3676046533429904
0.1 1.368330652316267
0.11 1.368998407166604
0.12 1.3696168383248937
0.13 1.370194592828477
0.14 1.3707319250265355
0.15 1.3712172456822733
0.16 1.3716409343767086
0.17 1.372013114004805
0.18 1.372366823434949
0.19 1.3727416065909752
0.2 1.3731545334550463
0.21 1.3735847238321521
0.22 1.373985936747561
0.23 1.3743116404055664
0.24 1.3745344825856693
0.25 1.3746528645437808
0.26 1.3746931480575713
0.27 1.3747124464194713
0.28 1.3747866970680906
0.29 1.3749831936090242
0.3 1.3753339556271165
0.31 1.3758195884552338
0.32 1.3763760125083744
0.33 1.376925442031188
0.34 1.3774062725523484
0.35 1.377784648475382
0.36 1.3780523863257952
0.37 1.3782186694698058
0.38 1.3783068432845749
0.39 1.378364064202708
0.4 1.3784686371540453
0.41 1.3787158276417975
0.42 1.3791860077617972
0.43 1.3799138356942153
0.44 1.3808783048881512
0.45 1.3820189428133238
0.46 1.3832575718268036
0.47 1.3845094686591959
0.48 1.385692814872566
0.49 1.3867460112415895
0.5 1.3876491005937526
0.51 1.3884357878419973
0.52 1.389179273504272
0.53 1.3899532691042564
0.54 1.3907934348282684
0.55 1.3916788042525021
0.56 1.3925385513927164
0.57 1.3932862462594606
0.58 1.3938630858277907
0.59 1.3942607371746112
0.6 1.394519149421578
0.61 1.3947077549578641
0.62 1.3948974313087654
0.63 1.3951378999554396
0.64 1.3954517540765905
0.65 1.3958428768675728
0.66 1.396312599853336
0.67 1.3968768115762331
0.68 1.3975718258698597
0.69 1.3984356356520609
0.7 1.399473734253042
0.71 1.4006434063037854
0.72 1.4018724122512136
0.73 1.4030930608640615
0.74 1.4042679191037952
0.75 1.4053963489834134
0.76 1.4065041733020545
0.77 1.4076290164892598
0.78 1.4088109716524073
0.79 1.4100838950489107
0.8 1.4114576055423003
0.81 1.4128954781503849
0.82 1.4143067533292117
0.83 1.415570884566697
0.84 1.4165850325611098
0.85 1.4173011565319826
0.86 1.4177357653460652
0.87 1.4179623529394947
0.88 1.4180948885317242
0.89 1.4182625357299665
0.9 1.418581149049456
0.91 1.4191326763237897
0.92 1.4199573009001343
0.93 1.4210570902743274
0.94 1.4224069690811136
0.95 1.4239627331895282
0.96 1.4256621534887555
0.97 1.427432199493826
0.98 1.429209692998989
0.99 1.4309604901815507
1.0 1.4326825079995547
1.01 1.434394999156074
1.02 1.4361244607607886
1.03 1.437891267347117
1.04 1.4396940346047384
1.05 1.4414971446956617
1.06 1.4432351277722906
1.07 1.4448375191587344
1.08 1.4462589822169316
1.09 1.4474922928734437
1.1 1.4485594122198457
1.11 1.4494960427467687
1.12 1.4503433220196023
1.13 1.451146037289217
1.14 1.4519494719914277
1.15 1.4527943388119975
1.16 1.4537143190162616
1.17 1.4547335355916458
1.18 1.4558572154390022
1.19 1.4570622282675756
1.2 1.4583050612770063
1.21 1.4595422784392307
1.22 1.4607401369528317
1.23 1.461871109865343
1.24 1.462912503501132
1.25 1.4638544876978745
1.26 1.4647100889979465
1.27 1.4655114332293637
1.28 1.4662926749710188
1.29 1.4670758223670464
1.3 1.4678625053110124
1.31 1.468629085394956
1.32 1.46933169581835
1.33 1.4699279610406384
1.34 1.470411817821442
1.35 1.4708342452101517
1.36 1.471278912942393
1.37 1.4718104184751382
1.38 1.4724469753862022
1.39 1.473172082743027
1.4 1.4739608664376664
1.41 1.4748010060676418
1.42 1.4757012331242922
1.43 1.4766873961639844
1.44 1.4777842095920861
1.45 1.478990651818247
1.46 1.4802727710517978
1.47 1.4815812669472752
1.48 1.4828767772873124
1.49 1.4841437310228272
1.5 1.4853840023901728
1.51 1.4865962282511025
1.52 1.487761976879514
1.53 1.4888563422012187
1.54 1.4898748595150448
1.55 1.4908528260908396
1.56 1.4918604055603195
1.57 1.4929762118031409
1.58 1.4942562989113406
1.59 1.495712683895957
1.6 1.4973076592809633
1.61 1.4989699761428352
1.62 1.5006312986070665
1.63 1.5022593184149948
1.64 1.5038618387628908
1.65 1.5054639683088689
1.66 1.5070767218351495
1.67 1.5086691067671167
1.68 1.5101529973858399
1.69 1.5113897053248944
1.7 1.5122206593739018
1.71 1.5125116288836287
1.72 1.5121922782000121
1.73 1.5112813468657915
1.74 1.509883178677799
1.75 1.5081451054069177
1.76 1.5062070433222488
1.77 1.5041779076898512
1.78 1.502132664471977
1.79 1.5001199178732243
1.8 1.4981784998682581
1.81 1.496346940773976
1.82 1.4946578051100858
1.83 1.4931316865989301
1.84 1.491781292094705
1.85 1.490622271851171
1.86 1.4896772991414093
1.87 1.4889621033722884
1.88 1.4884610194358712
1.89 1.4881120906355205
1.9 1.4878174406762934
1.91 1.4874734886317924
1.92 1.4870039092258658
1.93 1.486385807227304
1.94 1.4856562639070585
1.95 1.4848862870306547
1.96 1.4841308226811076
1.97 1.4833805511213067
1.98 1.48254776700395
1.99 1.4815060259530188
2.0 1.480155167462958
2.01 1.4784601007313385
2.02 1.4764492083515766
2.03 1.4741896828275936
2.04 1.4717594537726075
2.05 1.4692356824268598
