0.0 1.3515387534737502
0.01 1.349587394568021
0.02 1.3474845383585738
0.03 1.3451289959084263
0.04 1.3425463364352197
0.05 1.3398375873795594
0.06 1.3370746409251457
0.07 1.3342724504985162
0.08 1.3314362260092079
0.09 1.3286088105278977
0.1 1.3258551031606993
0.11 1.3231862001853805
0.12 1.3205417782084843
0.13 1.3178716314725754
0.14 1.3151926976870771
0.15 1.3125659705669657
0.16 1.3100597035359578
0.17 1.3077264161859272
0.18 1.3055572550813976
0.19 1.3034429290556928
0.2 1.301227459172157
0.21 1.2988263146525045
0.22 1.2962690326382273
0.23 1.2936017785441036
0.24 1.2907812476897447
0.25 1.2877271607040983
0.26 1.2844572557320095
0.27 1.2811137959463044
0.28 1.277883841044924
0.29 1.2749230809482963
0.3 1.2723162694527366
0.31 1.270075327430666
0.32 1.268179971123784
0.33 1.266620782278002
0.34 1.2653936022254566
0.35 1.264455754539592
0.36 1.2636885001835165
0.37 1.262910670017558
0.38 1.2619653523812602
0.39 1.2608078778156933
0.4 1.259504386468643
0.41 1.2581652871022735
0.42 1.25689953776542
0.43 1.255816054417028
0.44 1.2550169464619856
0.45 1.2545498178352785
0.46 1.2543695400891934
0.47 1.2543510275084224
0.48 1.2543305459143554
0.49 1.2541394479151982
0.5 1.253628077086855
0.51 1.252695339824458
0.52 1.2513161496078946
0.53 1.2495528122703394
0.54 1.2475483970886487
0.55 1.2455036348302841
0.56 1.2436467104046391
0.57 1.2421842177226745
0.58 1.2412357852997875
0.59 1.2408003885315262
0.6 1.2407608514339241
0.61 1.2409190574317641
0.62 1.2410644230456338
0.63 1.2410323747765801
0.64 1.2407328181884063
0.65 1.2401645905071477
0.66 1.2394074915500832
0.67 1.238573747815225
0.68 1.237744988003032
0.69 1.236955169811675
0.7 1.2362052045865868
0.71 1.2354603682625833
0.72 1.234649480067934
0.73 1.233682908812038
0.74 1.2324785334206987
0.75 1.2309860240969397
0.76 1.2291937941087245
0.77 1.2271363759181813
0.78 1.2249206518569333
0.79 1.2227108430570524
0.8 1.2206446225243068
0.81 1.2187843855700704
0.82 1.2171582967431713
0.83 1.2158011702306002
0.84 1.214738065964566
0.85 1.213950812523056
0.86 1.2133652316861765
0.87 1.21286999450661
0.88 1.2123679189977015
0.89 1.2118111528591888
0.9 1.2111810662726712
0.91 1.2104711504724488
0.92 1.2097095640611908
0.93 1.2089602268530517
0.94 1.2082719207831722
0.95 1.2076399651166145
0.96 1.2070202818439433
0.97 1.2063502479367951
0.98 1.2055510553493929
0.99 1.204527163418998
1.0 1.2031842303857432
1.01 1.2014911833977902
1.02 1.1995364566295685
1.03 1.1974903592941857
1.04 1.195517517465166
1.05 1.1937333371898968
1.06 1.1921922498401338
1.07 1.1908886833676835
1.08 1.1897776411461747
1.09 1.188788884712519
1.1 1.1878477960962348
1.11 1.186917715252768
1.12 1.186011522660006
1.13 1.1851632537022976
1.14 1.1843999695762588
1.15 1.1837241077618814
1.16 1.1831215201294834
1.17 1.1825897638555931
1.18 1.1821368409988953
1.19 1.1817456729393068
1.2 1.1813466654118607
1.21 1.1808242272085376
1.22 1.180053712849419
1.23 1.1789451179203598
1.24 1.1774828107638977
1.25 1.1757496202084061
1.26 1.1738933811178174
1.27 1.172054866246257
1.28 1.1703455127532316
1.29 1.1688796157078007
1.3 1.1677697118430612
1.31 1.167062119386542
1.32 1.1667066647835194
1.33 1.1666170793776955
1.34 1.1667484217171968
1.35 1.167098095891769
1.36 1.1676458914886338
1.37 1.1683091833968486
1.38 1.1689451984683732
1.39 1.1694011414965653
1.4 1.169584624378857
1.41 1.169500392026484
1.42 1.1692333718362384
1.43 1.1688886520615993
1.44 1.16852328896152
1.45 1.1681304856917687
1.46 1.1676813290634596
1.47 1.1671513739161332
1.48 1.1665032164496805
1.49 1.1656679976552744
1.5 1.1645275773260377
1.51 1.1629088943018338
1.52 1.1606671702161995
1.53 1.157817392923802
1.54 1.1545547852974187
1.55 1.151137612267608
1.56 1.147768807470308
1.57 1.1445855658239141
1.58 1.1417129742887426
1.59 1.139259135383218
1.6 1.1372444859843216
1.61 1.1355647829496403
1.62 1.1340365641349326
1.63 1.1324858875741008
1.64 1.1308145029412282
1.65 1.1290302967698866
1.66 1.1272592116108542
1.67 1.1257241529869448
1.68 1.1246708085559485
1.69 1.1242568851535646
1.7 1.1244754117873597
1.71 1.1251726344685538
1.72 1.1261336983200203
1.73 1.1271666516951688
1.74 1.128138111935736
1.75 1.1289461950494855
1.76 1.1294703939702013
1.77 1.1295771739532858
1.78 1.1291877873398928
1.79 1.1283330523403747
1.8 1.127161642355698
1.81 1.1259127117802326
1.82 1.1248421538253086
1.83 1.1241260471836663
1.84 1.1238087976945295
1.85 1.1238261293165581
1.86 1.124074032811932
1.87 1.1244505380702368
1.88 1.1248504960760295
1.89 1.125173645226421
1.9 1.1253585951371958
1.91 1.1253937740194484
1.92 1.1252910364982744
1.93 1.12506604950201
1.94 1.1247434518150512
1.95 1.1243535817380916
1.96 1.1239209423168983
1.97 1.1234792200486732
1.98 1.123112855156576
1.99 1.1229949817037035
2.0 1.1233807236336055
2.01 1.1245246427166786
2.02 1.126570958844209
2.03 1.1294971958107354
2.04 1.133117369781183
2.05 1.137117584625464
