0.0 0.4220051519811028
0.01 0.42446115779386595
0.02 0.4269526529665768
0.03 0.4295799761687875
0.04 0.4324680847466458
0.05 0.43573089957486566
0.06 0.43942274830615524
0.07 0.4434959926780313
0.08 0.4477961604608205
0.09 0.452093978398735
0.1 0.4561373033037679
0.11 0.4597197718560708
0.12 0.4627511551123433
0.13 0.4652883292052623
0.14 0.4674971549424778
0.15 0.4695698784747746
0.16 0.4716500135700499
0.17 0.4737866554667871
0.18 0.4759200297215087
0.19 0.47790412170934404
0.2 0.4795639831251708
0.21 0.4807774329113159
0.22 0.4815458114230524
0.23 0.4820003092733427
0.24 0.48233947542921607
0.25 0.48274092669852475
0.26 0.48329449889418763
0.27 0.4839870698061848
0.28 0.4847317655604608
0.29 0.4854153474299765
0.3 0.48594168054113407
0.31 0.48625863376152934
0.32 0.48637154026839724
0.33 0.4863367763319397
0.34 0.48622011494014794
0.35 0.4860415158688376
0.36 0.4857514508285492
0.37 0.4852582757960051
0.38 0.48449266655778445
0.39 0.48347018257736885
0.4 0.4823061918818268
0.41 0.4811725628093213
0.42 0.4802391511349593
0.43 0.47964349044958565
0.44 0.4794800807132211
0.45 0.4797836576681047
0.46 0.4805124036515349
0.47 0.48155192373647315
0.48 0.48274634084028367
0.49 0.48394527746345783
0.5 0.4850461608763137
0.51 0.486014633206167
0.52 0.4868734998612112
0.53 0.48766964083834186
0.54 0.4884477498330635
0.55 0.48923868801566917
0.56 0.4900531539730806
0.57 0.49088481564852815
0.58 0.49171767103102804
0.59 0.49252439066769726
0.6 0.4932588822592585
0.61 0.4938548877529394
0.62 0.49424109603200916
0.63 0.494373947254906
0.64 0.49427344432059206
0.65 0.49403864454369373
0.66 0.49383182220225486
0.67 0.49383809169866577
0.68 0.49421006270646695
0.69 0.4950179328013693
0.7 0.4962310139785173
0.71 0.49773844091727204
0.72 0.499404201798447
0.73 0.501128331839507
0.74 0.5028742440249068
0.75 0.5046646344334293
0.76 0.5065643552191341
0.77 0.5086456324459245
0.78 0.5109442616376687
0.79 0.5134324767336271
0.8 0.516024008678579
0.81 0.518606528806286
0.82 0.521077249211376
0.83 0.5233654048076906
0.84 0.5254425316309876
0.85 0.5273186197990443
0.86 0.529020399164982
0.87 0.5305609170573553
0.88 0.5319261588951387
0.89 0.5330969316243035
0.9 0.5340864158471046
0.91 0.5349593216616544
0.92 0.5358226123057168
0.93 0.5367953035068047
0.94 0.537975184752558
0.95 0.5394225039228706
0.96 0.5411603863059895
0.97 0.5431827674430809
0.98 0.5454661729807642
0.99 0.5479795759749297
1.0 0.5506852491923331
1.01 0.5535306286718851
1.02 0.556442575001121
1.03 0.5593360304405572
1.04 0.5621374118271194
1.05 0.564810608529954
1.06 0.5673684975716018
1.07 0.5698626578137094
1.08 0.5723573660327723
1.09 0.5748932836232719
1.1 0.5774519623709837
1.11 0.5799461567448523
1.12 0.5822401781231656
1.13 0.5841799461459862
1.14 0.5856263937620345
1.15 0.5865011463549576
1.16 0.5868375549088376
1.17 0.5868047176908116
1.18 0.5866725281008032
1.19 0.5867217393477988
1.2 0.5871529427412923
1.21 0.588042317861416
1.22 0.5893376392995986
1.23 0.590884375135694
1.24 0.5924868870572788
1.25 0.5939804117541905
1.26 0.5952761659632806
1.27 0.5963683147807148
1.28 0.5973118608934636
1.29 0.5981880918189484
1.3 0.599075984455224
1.31 0.6000363002837994
1.32 0.6010998582409703
1.33 0.602253091363258
1.34 0.6034308834989575
1.35 0.60453140808275
1.36 0.6054520678929562
1.37 0.6061308420144953
1.38 0.6065730980411561
1.39 0.6068509677022083
1.4 0.607074199626902
1.41 0.6073434633059627
1.42 0.6077135502617006
1.43 0.6081909916884931
1.44 0.6087624500214739
1.45 0.6094254754185342
1.46 0.6101920240375853
1.47 0.6110705080047234
1.48 0.6120539508257306
1.49 0.613116392354009
1.5 0.6142119056436841
1.51 0.6152844625385812
1.52 0.6162906938314214
1.53 0.6172241084563859
1.54 0.6181263697558013
1.55 0.6190840937749518
1.56 0.6202170756912238
1.57 0.6216533376211211
1.58 0.623491166518022
1.59 0.6257689559062682
1.6 0.6284540941185686
1.61 0.631438008491028
1.62 0.6345386617922419
1.63 0.6375291707449966
1.64 0.640192480093043
1.65 0.6423798966660259
1.66 0.6440443315439355
1.67 0.6452335601477812
1.68 0.6460518183000978
1.69 0.6466022880681934
1.7 0.6469314658087302
1.71 0.6470026658682029
1.72 0.646706749722131
1.73 0.645902387592483
1.74 0.6444686614447246
1.75 0.6423545841856049
1.76 0.6396224513880853
1.77 0.6364670125307343
1.78 0.6331845801288902
1.79 0.6300984377516619
1.8 0.6274739056705938
1.81 0.6254583125699869
1.82 0.6240616853601413
1.83 0.6231697525187441
1.84 0.6225855050462141
1.85 0.6221024702091342
1.86 0.6215827595426493
1.87 0.6209950346617439
1.88 0.6204000159492016
1.89 0.6199113757846848
1.9 0.6196635470236371
1.91 0.619788672925099
1.92 0.6203880616290935
1.93 0.621493484510605
1.94 0.6230283974517103
1.95 0.6247888333533216
1.96 0.6264643350640564
1.97 0.6277008318662558
1.98 0.6281847258669848
1.99 0.6277255018686323
2.0 0.6263050192071442
2.01 0.6240616164981403
2.02 0.6212205467456173
2.03 0.6180145935260062
2.04 0.6146308807002665
2.05 0.6111944281524493
