0.0 1.1121729346479299
0.01 1.1156545059453498
0.02 1.1193688461848348
0.03 1.1235164847551742
0.04 1.1281268263663637
0.05 1.133054016055735
0.06 1.1380757309032914
0.07 1.1429600992221953
0.08 1.1474847587868293
0.09 1.1514445877269637
0.1 1.1546881052772422
0.11 1.1571983853791954
0.12 1.1591065299887822
0.13 1.1605832684284563
0.14 1.1617524675651545
0.15 1.1627151191052798
0.16 1.163590670387192
0.17 1.1644999134513823
0.18 1.165540021816601
0.19 1.166791071634754
0.2 1.1683075035531871
0.21 1.1700857438798602
0.22 1.1720834540454312
0.23 1.1743108688514274
0.24 1.176873259289854
0.25 1.179855636163281
0.26 1.1831565365806194
0.27 1.1864758141962088
0.28 1.1894596948056515
0.29 1.1918380919554714
0.3 1.1934718462361271
0.31 1.1943353243694306
0.32 1.1944719366007188
0.33 1.193959378651372
0.34 1.192911098960642
0.35 1.1915019531422217
0.36 1.1899787041278742
0.37 1.188617373416287
0.38 1.1876330245524178
0.39 1.1871125060865726
0.4 1.1870244516483694
0.41 1.1872780536738343
0.42 1.187763099472539
0.43 1.1883483258866496
0.44 1.1888947844405156
0.45 1.1893266288095763
0.46 1.1896953631704168
0.47 1.190155476307801
0.48 1.1908842378466034
0.49 1.1920453931313242
0.5 1.1938081392751938
0.51 1.196342225186239
0.52 1.1997556039946593
0.53 1.204015780098982
0.54 1.208916227435192
0.55 1.2141177228859688
0.56 1.2192320446107425
0.57 1.2239303416431415
0.58 1.2280492897550497
0.59 1.2316119469235796
0.6 1.2347713535755265
0.61 1.2377281799379665
0.62 1.2406269659381994
0.63 1.2434943695064549
0.64 1.2462554853759347
0.65 1.2487814494764535
0.66 1.2509543471737121
0.67 1.2527389050643052
0.68 1.2542107804480986
0.69 1.255513865121249
0.7 1.2567968498526714
0.71 1.2581907235066883
0.72 1.259812930323438
0.73 1.261765453823915
0.74 1.2641051540857013
0.75 1.2667846353777064
0.76 1.2696330609457593
0.77 1.2724115129941858
0.78 1.274874037152447
0.79 1.2768145242598816
0.8 1.2781413752561797
0.81 1.2789297823234085
0.82 1.2793694806612326
0.83 1.2796483230211049
0.84 1.279879328170857
0.85 1.2801095608566389
0.86 1.280367545735288
0.87 1.2806973591013522
0.88 1.28116131998073
0.89 1.2818269124674755
0.9 1.2827478927358342
0.91 1.2839321539514659
0.92 1.2853112317554398
0.93 1.286738472984558
0.94 1.2880407689916256
0.95 1.2891062540166889
0.96 1.2899312350914833
0.97 1.290606875780382
0.98 1.291289373769196
0.99 1.2921646506731284
1.0 1.2933858547749084
1.01 1.2949725607899838
1.02 1.2967496390410265
1.03 1.2984284677420739
1.04 1.299759134712831
1.05 1.3006137794861834
1.06 1.3010013573790697
1.07 1.301051275469101
1.08 1.3009590785699823
1.09 1.3009174823263665
1.1 1.3010595337617197
1.11 1.3014208095461264
1.12 1.3019391283415214
1.13 1.3024917636806936
1.14 1.3029552040708232
1.15 1.3032761473907124
1.16 1.3035051142476908
1.17 1.303759565609762
1.18 1.3041795513244674
1.19 1.3049333821468165
1.2 1.3062330885976312
1.21 1.308303611544761
1.22 1.3113045757895767
1.23 1.3152467484802717
1.24 1.319940360548724
1.25 1.3249978704367198
1.26 1.3299357006025128
1.27 1.3343502913341299
1.28 1.3380299477001945
1.29 1.3409268361661395
1.3 1.3430796720051923
1.31 1.3446005238426526
1.32 1.3456848448260352
1.33 1.3465478757586302
1.34 1.34732210533923
1.35 1.3480249912410072
1.36 1.3486282959474707
1.37 1.349156120027728
1.38 1.3497274968400639
1.39 1.3505184066249498
1.4 1.351680188963143
1.41 1.3532623100250785
1.42 1.3551738398093889
1.43 1.3572398403991883
1.44 1.359342055840198
1.45 1.3615129895089622
1.46 1.3639034329573114
1.47 1.3666990414046865
1.48 1.3700657708813306
1.49 1.37409988974834
1.5 1.3788046438860073
1.51 1.3841298665441792
1.52 1.3899619218598485
1.53 1.3960402896441693
1.54 1.4019767950653108
1.55 1.4074240853664008
1.56 1.4122232575818137
1.57 1.4163839766194242
1.58 1.4199459291414689
1.59 1.4228980710855037
1.6 1.4252186685277248
1.61 1.4269390121415837
1.62 1.4281481410873251
1.63 1.4289581391898611
1.64 1.4294858788088964
1.65 1.4298356096328337
1.66 1.4300466937985075
1.67 1.4300615195661486
1.68 1.4297755808149102
1.69 1.429128581415715
1.7 1.428149023361092
1.71 1.4269357563024574
1.72 1.4256288045879968
1.73 1.4243896074399647
1.74 1.423376901657826
1.75 1.4227292817046964
1.76 1.422566554006468
1.77 1.4229838062622813
1.78 1.4240110567027013
1.79 1.4255735841638595
1.8 1.4274999455522623
1.81 1.4295527872537184
1.82 1.4314594129451157
1.83 1.432966683655068
1.84 1.4339157837367384
1.85 1.4342921621314737
1.86 1.4342206257469474
1.87 1.4339329568053936
1.88 1.4337287041322186
1.89 1.4339121334272464
1.9 1.4347447865399632
1.91 1.4364494978461808
1.92 1.4391995222697265
1.93 1.4430502071608666
1.94 1.4478862138247628
1.95 1.4534367832428838
1.96 1.4593193810894958
1.97 1.4650780252830682
1.98 1.4702261436276451
1.99 1.4743076891794695
2.0 1.4769693647128443
2.01 1.4780233208991467
2.02 1.4774899480589347
2.03 1.4756060859899254
2.04 1.4727771970342234
2.05 1.46949844879265
