0.0 0.3043089128193115
0.01 0.3018296256478816
0.02 0.2994192984834756
0.03 0.29710444542789993
0.04 0.29489014277147607
0.05 0.292789167310489
0.06 0.2908303689103464
0.07 0.28904189966999816
0.08 0.2874272179284052
0.09 0.2859518275900559
0.1 0.2845530372591627
0.11 0.28316955265013544
0.12 0.2817760539288603
0.13 0.2804011967399207
0.14 0.2791137617005939
0.15 0.2779841035743429
0.16 0.27704500324440673
0.17 0.27627397344812366
0.18 0.27559913076508824
0.19 0.2749257373798075
0.2 0.2741845832296219
0.21 0.273380588296984
0.22 0.2726065233318762
0.23 0.2720068743168529
0.24 0.2717134161371959
0.25 0.27179268478234064
0.26 0.2722197700571334
0.27 0.2728787361405747
0.28 0.27360075444745124
0.29 0.27423238399365424
0.3 0.2747022820778229
0.31 0.2750557486035392
0.32 0.27543457659214976
0.33 0.27600560433882215
0.34 0.276881991588672
0.35 0.27808604135226744
0.36 0.279567882109089
0.37 0.281252123617155
0.38 0.28306201117490826
0.39 0.28489998339928224
0.4 0.2866179136705007
0.41 0.28802712699590494
0.42 0.2889588805687744
0.43 0.2893326703345904
0.44 0.28918413215135974
0.45 0.2886439422924987
0.46 0.2878959066054936
0.47 0.2871405830509248
0.48 0.2865625646491923
0.49 0.28628857337637026
0.5 0.28633745884545103
0.51 0.2865917616932494
0.52 0.28683234438160987
0.53 0.2868369453467796
0.54 0.2864862416837255
0.55 0.2858165517989413
0.56 0.2849987185378984
0.57 0.28425316961867786
0.58 0.2837453703954349
0.59 0.28352416395143987
0.6 0.2835215635824335
0.61 0.2835979218144171
0.62 0.28361438881522005
0.63 0.28349465127383855
0.64 0.2832372400285337
0.65 0.2828787019995058
0.66 0.2824351736848749
0.67 0.28185132470784247
0.68 0.280991352115878
0.69 0.27970345348187475
0.7 0.27792563919440916
0.71 0.27574119174607503
0.72 0.2733462908200899
0.73 0.27097416976783606
0.74 0.26882151007002264
0.75 0.2670050454210058
0.76 0.26556029515554336
0.77 0.26445645689041264
0.78 0.2635973281407713
0.79 0.2628257519864947
0.8 0.2619760580042785
0.81 0.26096980204770936
0.82 0.25988295034342634
0.83 0.25892017226793307
0.84 0.2583144431858617
0.85 0.25823152584222964
0.86 0.2587252860074418
0.87 0.25972519043014586
0.88 0.26103695597173093
0.89 0.2623756240012094
0.9 0.2634384060613941
0.91 0.2639824590920403
0.92 0.26387118133087917
0.93 0.2630789284173032
0.94 0.26167534026042727
0.95 0.259816121231351
0.96 0.25773227318086267
0.97 0.2556881477063353
0.98 0.2539027723389671
0.99 0.2524723085399687
1.0 0.25134014240333435
1.01 0.25033199244783066
1.02 0.24924509231567615
1.03 0.24794978471146312
1.04 0.24645121748732635
1.05 0.24489650707510435
1.06 0.24353803114739758
1.07 0.24265309751072817
1.08 0.24244270060331008
1.09 0.24296653725605566
1.1 0.24414196787852838
1.11 0.24578278896090033
1.12 0.24764328946751135
1.13 0.24945516274937773
1.14 0.25096573455244187
1.15 0.2519835892339124
1.16 0.2524151395720553
1.17 0.2522699608742478
1.18 0.2516455567804803
1.19 0.25070707444846896
1.2 0.24964719655581824
1.21 0.24863073634216537
1.22 0.24775885202071635
1.23 0.24706643590722344
1.24 0.24654181915448792
1.25 0.24615065039548867
1.26 0.2458505491102212
1.27 0.24560235876306624
1.28 0.24538102803144213
1.29 0.24518177381820028
1.3 0.24502542422437212
1.31 0.24495499123026754
1.32 0.2450129528130338
1.33 0.2452056371914173
1.34 0.2454645046107311
1.35 0.24563624219490254
1.36 0.24554730033043004
1.37 0.24511111599437285
1.38 0.2443778969882784
1.39 0.24349586187481265
1.4 0.24263177336798947
1.41 0.24189624677179378
1.42 0.2413047097356893
1.43 0.24078202695291218
1.44 0.24020709590095546
1.45 0.23948714845076857
1.46 0.2386138934191866
1.47 0.23765382301828275
1.48 0.2366861783600207
1.49 0.23575376692440386
1.5 0.23486954108881086
1.51 0.23405460165859004
1.52 0.233358560480724
1.53 0.2328338385090163
1.54 0.23247633355491004
1.55 0.23218808575566285
1.56 0.23180720768774066
1.57 0.23118459585499984
1.58 0.2302552928382431
1.59 0.22907704620119418
1.6 0.22782241625837418
1.61 0.22671188112560525
1.62 0.22590600813504658
1.63 0.22541901400404019
1.64 0.22511144177115217
1.65 0.2247627002647672
1.66 0.22418239954196384
1.67 0.22331061174770728
1.68 0.22226118490215363
1.69 0.22128817556955038
1.7 0.2206947789328968
1.71 0.22072828181937165
1.72 0.22149986812285327
1.73 0.22294568373234824
1.74 0.22484807701533072
1.75 0.22693172106950588
1.76 0.2289854857438236
1.77 0.23093207231111101
1.78 0.23282234899701848
1.79 0.23477689238677613
1.8 0.23690832627621994
1.81 0.2392606862945721
1.82 0.24178513244059818
1.83 0.2443431813864052
1.84 0.24672023644008956
1.85 0.24865468436425608
1.86 0.24990606106468505
1.87 0.25035385193679804
1.88 0.2500730666706428
1.89 0.2493394615865272
1.9 0.2485601687353416
1.91 0.24815965628943815
1.92 0.24846253117686068
1.93 0.24960764838532246
1.94 0.25151191948792295
1.95 0.2538991755122826
1.96 0.25641348231388683
1.97 0.2587837779380351
1.98 0.26093517880608896
1.99 0.26298022533821275
2.0 0.2651296382182027
2.01 0.2675955345902583
2.02 0.27052036442615623
2.03 0.27394014535016886
2.04 0.2777835558421069
2.05 0.28188689360501495
