0.0 0.12466462608126916
0.01 0.11449076142602
0.02 0.10448739102572047
0.03 0.09479280089955511
0.04 0.08552935455981547
0.05 0.0767887934475544
0.06 0.0685849645783585
0.07 0.06081351277345881
0.08 0.053268480908947424
0.09 0.04568157284641439
0.1 0.0377693564896755
0.11 0.029319175902002392
0.12 0.020275308822289784
0.13 0.010753857632527009
0.14 0.0009902810784785387
0.15 -0.008740578697286505
0.16 -0.018214507489315412
0.17 -0.027329972683393766
0.18 -0.036126884026443484
0.19 -0.04476266022374231
0.2 -0.05346246956029965
0.21 -0.06242366432581559
0.22 -0.07171277664934372
0.23 -0.08124766828360208
0.24 -0.09085967706426867
0.25 -0.10035928379769388
0.26 -0.10958658887825878
0.27 -0.11845031099792802
0.28 -0.12692755888395446
0.29 -0.13502630598456156
0.3 -0.14276260983606814
0.31 -0.15016773908618664
0.32 -0.1572776181568858
0.33 -0.164102089871637
0.34 -0.1706213528493299
0.35 -0.17680906691050025
0.36 -0.1826634703177077
0.37 -0.18822968980390975
0.38 -0.19357660437436808
0.39 -0.19873879536475636
0.4 -0.20368876240150824
0.41 -0.20837082976434962
0.42 -0.21275447888329646
0.43 -0.21684752133926777
0.44 -0.22066186105304597
0.45 -0.22417903253669857
0.46 -0.22735725076351576
0.47 -0.23016575583385235
0.48 -0.23261027348132046
0.49 -0.23473726191570687
0.5 -0.23662145457299832
0.51 -0.2383461007441463
0.52 -0.2399870212982842
0.53 -0.24159639644190678
0.54 -0.24317726225467196
0.55 -0.24467257584531854
0.56 -0.2459902950273558
0.57 -0.24704615061243773
0.58 -0.24780402228495468
0.59 -0.24830186178909308
0.6 -0.24864752283319635
0.61 -0.2489814667285688
0.62 -0.24941962615676738
0.63 -0.24999809837677844
0.64 -0.2506486069859526
0.65 -0.25122184181037266
0.66 -0.25153878538321006
0.67 -0.2514392646089605
0.68 -0.25082066655463375
0.69 -0.24966676666191034
0.7 -0.24805971653608072
0.71 -0.24616806186354712
0.72 -0.24420962094526555
0.73 -0.2423974542817695
0.74 -0.24087925242639896
0.75 -0.23968718699771063
0.76 -0.23872911585076917
0.77 -0.2378368208327446
0.78 -0.23684699779856588
0.79 -0.23567709535941628
0.8 -0.2343686846756703
0.81 -0.2330790609935547
0.82 -0.2320255016617856
0.83 -0.23141740413095624
0.84 -0.231411281062063
0.85 -0.23209506930043577
0.86 -0.23348724075096117
0.87 -0.23554356642031538
0.88 -0.23816753988365402
0.89 -0.24121491746987234
0.9 -0.24450321908987993
0.91 -0.2478397617282888
0.92 -0.2510578670018262
0.93 -0.2540476678901249
0.94 -0.2567617885891975
0.95 -0.2591858409123189
0.96 -0.2613064833690655
0.97 -0.2631063430074474
0.98 -0.26457273482765586
0.99 -0.26570538602873306
1.0 -0.2665217637167232
1.01 -0.26705219109404066
1.02 -0.2673310016430581
1.03 -0.26740388202618703
1.04 -0.26734174341304806
1.05 -0.26723358909058303
1.06 -0.2671561221505532
1.07 -0.2671372963738512
1.08 -0.2671366770311603
1.09 -0.2670643644617421
1.1 -0.2668353241751005
1.11 -0.26642659829743875
1.12 -0.2658982968261858
1.13 -0.2653721044268593
1.14 -0.26500049054888963
1.15 -0.26493842220226105
1.16 -0.2653011014118598
1.17 -0.2661184156505927
1.18 -0.2673172064062075
1.19 -0.26874169910951773
1.2 -0.2701999712080809
1.21 -0.2715197615171041
1.22 -0.27258958684574663
1.23 -0.27336267104644474
1.24 -0.27382831844776856
1.25 -0.2739724562147572
1.26 -0.27374824921973806
1.27 -0.2730750837811615
1.28 -0.27186617796190893
1.29 -0.2700631514568945
1.3 -0.26766344543645193
1.31 -0.2647417127163747
1.32 -0.2614603148377941
1.33 -0.2580565622373219
1.34 -0.254804582832147
1.35 -0.25196780270879904
1.36 -0.24975107657044182
1.37 -0.24824755598836878
1.38 -0.24739915075623164
1.39 -0.24700529906178081
1.4 -0.24678697754866308
1.41 -0.24648102493051338
1.42 -0.24592370646921058
1.43 -0.24508528036677868
1.44 -0.24404379473311621
1.45 -0.24292450160590073
1.46 -0.2418473900721727
1.47 -0.24090072200089496
1.48 -0.24013581449821597
1.49 -0.23957078034994517
1.5 -0.2391847701182641
1.51 -0.2389081078839741
1.52 -0.23863065705745745
1.53 -0.2382231398889494
1.54 -0.23755206931324402
1.55 -0.236487203106289
1.56 -0.2349128481689018
1.57 -0.23274626670491738
1.58 -0.2299510167693617
1.59 -0.22653627097577544
1.6 -0.22255484519838253
1.61 -0.2181128460378816
1.62 -0.2133756319238289
1.63 -0.20854614072611977
1.64 -0.20381921321121776
1.65 -0.1993381525155189
1.66 -0.1951754084420947
1.67 -0.19134068100212964
1.68 -0.18780506609450587
1.69 -0.184534168344904
1.7 -0.18152399297844868
1.71 -0.17881706152623567
1.72 -0.17647357915073147
1.73 -0.17450280687365938
1.74 -0.17280431642861638
1.75 -0.1711639683804207
1.76 -0.1692946723810067
1.77 -0.16689081790113258
1.78 -0.1636786412083686
1.79 -0.15945233507177647
1.8 -0.15408881905904526
1.81 -0.1475429040921905
1.82 -0.13984506177190204
1.83 -0.1311189293049373
1.84 -0.12158409879054499
1.85 -0.11150496618636385
1.86 -0.10112797158534237
1.87 -0.09066223797796802
1.88 -0.08027117664101491
1.89 -0.0700421512342313
1.9 -0.059974572247248226
1.91 -0.0500058519617288
1.92 -0.04004115313683254
1.93 -0.02998472488949666
1.94 -0.019782265333077476
1.95 -0.009429479750997949
1.96 0.0010666949681708005
1.97 0.011713165948158633
1.98 0.022525077205992616
1.99 0.033520296545887174
2.0 0.04471198526420528
2.01 0.05610329826036864
2.02 0.06769284391490205
2.03 0.07947708121386166
2.04 0.09145310036411791
2.05 0.10361408290757979
