0.0 0.3268535481947179
0.01 0.33068539148040843
0.02 0.3346904282366596
0.03 0.33805242700608895
0.04 0.342357467583569
0.05 0.34525726430060244
0.06 0.34778780207142823
0.07 0.3497917841832341
0.08 0.35243749593410056
0.09 0.35434170457119585
0.1 0.3576924325353028
0.11 0.3604892211719588
0.12 0.36398618428028984
0.13 0.3666695547462018
0.14 0.3689380816874168
0.15 0.3707317814708322
0.16 0.37178339465299715
0.17 0.37466371032652157
0.18 0.3772213381001137
0.19 0.3795787807275821
0.2 0.3807739390763696
0.21 0.3830063483785935
0.22 0.38548500834620114
0.23 0.3877561859215608
0.24 0.38986257520370193
0.25 0.3919162755142236
0.26 0.39398299947619053
0.27 0.3952489255606193
0.28 0.39628139318342637
0.29 0.39844460421400996
0.3 0.40071518315501153
0.31 0.40264035984203606
0.32 0.4044054452190444
0.33 0.40579667062632474
0.34 0.40683697761684234
0.35 0.4080592096814688
0.36 0.40801993759041055
0.37 0.4096604546371756
0.38 0.4121123737521697
0.39 0.41424365423557585
0.4 0.4154858870286291
0.41 0.4157789592699257
0.42 0.4159407812100646
0.43 0.4157398848287799
0.44 0.415368120892706
0.45 0.4150128082521043
0.46 0.41616584344980456
0.47 0.41746799262839485
0.48 0.4180015621107782
0.49 0.4204131837107066
0.5 0.42205336215361067
0.51 0.4253401706038189
0.52 0.42712211861491545
0.53 0.42977746121508087
0.54 0.4320979169321104
0.55 0.43441461457018127
0.56 0.43824595134649025
0.57 0.44288257357038363
0.58 0.4472276302626321
0.59 0.4526273500613689
0.6 0.45706928002895175
0.61 0.46174353287294734
0.62 0.4638211946664419
0.63 0.4656148465596033
0.64 0.4666851006984789
0.65 0.4688656343646902
0.66 0.4702658183452826
0.67 0.47294685585011065
0.68 0.4757307894306195
0.69 0.4779625204130231
0.7 0.48143345934413206
0.71 0.48219330101614677
0.72 0.48208787556654853
0.73 0.48187166699923756
0.74 0.48094902394856787
0.75 0.48167754334858603
0.76 0.48261871635020537
0.77 0.4837510313959994
0.78 0.48517591866453635
0.79 0.4859323154884603
0.8 0.4864291161872454
0.81 0.4870541252970626
0.82 0.4864774653524422
0.83 0.48561735136133377
0.84 0.4853708076348999
0.85 0.4853353397412925
0.86 0.4859660641718464
0.87 0.48627102627672425
0.88 0.48579027621577353
0.89 0.48409697675920826
0.9 0.48203471354310157
0.91 0.480815056562129
0.92 0.4800265255976619
0.93 0.47915666682970626
0.94 0.47863851244670474
0.95 0.4790237975707856
0.96 0.4799398302946707
0.97 0.48161641676192124
0.98 0.483280682140824
0.99 0.4846291414345685
1.0 0.4858516208134511
1.01 0.4861396757698011
1.02 0.4865337485979593
1.03 0.4879174405410911
1.04 0.487880455043626
1.05 0.48917991791376947
1.06 0.49011591931570786
1.07 0.49083312635842713
1.08 0.4916071195602152
1.09 0.49224834880564083
1.1 0.49307009886103836
1.11 0.4940608919861402
1.12 0.49472027240272265
1.13 0.4953416542399691
1.14 0.4948066836547582
1.15 0.4943793028921921
1.16 0.4937378464042186
1.17 0.49275500463196575
1.18 0.49328462039276566
1.19 0.49411202599510373
1.2 0.49572217918197525
1.21 0.4984985098385941
1.22 0.5001808228175464
1.23 0.5013745765791051
1.24 0.5036212397680644
1.25 0.5047292676870225
1.26 0.5060180769837972
1.27 0.5080150072425011
1.28 0.510081169982886
1.29 0.5133303026210858
1.3 0.5161721166045816
1.31 0.5189726117240614
1.32 0.5215367179627335
1.33 0.5239087734044032
1.34 0.5256350051171808
1.35 0.5271751427970841
1.36 0.528405588751585
1.37 0.5303902423316993
1.38 0.5324103677023375
1.39 0.5337391465564338
1.4 0.5344920328092493
1.41 0.5353162231335875
1.42 0.53535793716763
1.43 0.5364351372669938
1.44 0.5376716340396337
1.45 0.5389243161892847
1.46 0.541150878178128
1.47 0.5429741631946716
1.48 0.5456349538138818
1.49 0.5478007921492396
1.5 0.5504962962692974
1.51 0.553344336119888
1.52 0.5563814680739254
1.53 0.5598133692288232
1.54 0.5624767959869668
1.55 0.5654124544437367
1.56 0.567305782878694
1.57 0.5700831183539266
1.58 0.5715758763806069
1.59 0.5740435188750674
1.6 0.5771392596169966
1.61 0.5796813492811852
1.62 0.582422355706516
1.63 0.584382567290298
1.64 0.5869135735990354
1.65 0.5878771087946211
1.66 0.588155100561599
1.67 0.5870188721387493
1.68 0.5853271409146883
1.69 0.5856523928487434
1.7 0.5860079661517821
1.71 0.5868309270641161
1.72 0.588992860543931
1.73 0.5914934231794127
1.74 0.5932694373567866
1.75 0.594828698788866
1.76 0.5957922993160478
1.77 0.5964773596096884
1.78 0.597086700309831
1.79 0.5980079139017351
1.8 0.5988932935153843
1.81 0.5997211612400362
1.82 0.6005044422798367
1.83 0.6018459777817973
1.84 0.6034289033144642
1.85 0.6049133840755232
1.86 0.6062577845588213
1.87 0.6067129676820673
1.88 0.6070710756601412
1.89 0.6067159325346543
1.9 0.6064142775964458
1.91 0.6068399850992288
1.92 0.6074264103816627
1.93 0.6085355158560146
1.94 0.6092586700866063
1.95 0.6090992228799297
1.96 0.6100895534034017
1.97 0.6111283879961129
1.98 0.6115760893163817
1.99 0.6130674522940591
2.0 0.614096274413849
2.01 0.6158065026582871
2.02 0.616788402930454
2.03 0.6176084156624837
2.04 0.6184607163093903
2.05 0.6191672237283421
2.06 0.6199746582522709
2.07 0.6207755231738803
2.08 0.62303752075375
2.09 0.6251921645607075
2.1 0.62759833775538
2.11 0.6308179007609405
2.12 0.6345939806243948
2.13 0.6382179634582248
2.14 0.6414811813397585
2.15 0.6432283917066393
2.16 0.6445932831232466
2.17 0.6454270310938792
2.18 0.6451863877700568
2.19 0.6459297500119634
2.2 0.6460944234384685
2.21 0.6467016516227577
2.22 0.6470019080928289
2.23 0.6465135877665187
2.24 0.6453699720052493
2.25 0.643997845857216
2.26 0.6405150432517042
2.27 0.6367990552049378
2.28 0.6324752231461117
2.29 0.6287127480033652
2.3 0.626266227283399
2.31 0.6242782993646911
2.32 0.6233302283285589
2.33 0.6228883776667757
2.34 0.623853755878252
2.35 0.6229869141630395
2.36 0.6227374715325715
2.37 0.6209259268859109
2.38 0.6205039288806127
2.39 0.6198044833237288
2.4 0.6194755994810377
2.41 0.6194570003937074
2.42 0.6192501053917021
2.43 0.6204708600618623
2.44 0.6217357630695233
2.45 0.6245769432613089
2.46 0.6266589121071853
2.47 0.6286206555273153
2.48 0.6301918223186882
2.49 0.6293160442573247
2.5 0.6270064386472476
2.51 0.6240197793121385
2.52 0.6205644318209531
2.53 0.6177311426137164
2.54 0.6139828895469299
2.55 0.6112313224692252
2.56 0.6079819600276557
2.57 0.6054455608354146
2.58 0.6023960545254634
2.59 0.5994242785458597
2.6 0.5965057366673356
2.61 0.5924281875522102
2.62 0.5880971681698348
2.63 0.5850460600359648
2.64 0.5823703304391987
2.65 0.5810246600323437
2.66 0.5812098519349256
2.67 0.5823775158451299
2.68 0.582671314518286
2.69 0.5828307632944982
2.7 0.5841149283044564
2.71 0.58387571431434
2.72 0.5824212560627902
2.73 0.5806609400897598
2.74 0.5794146852699789
2.75 0.5766176397926412
2.76 0.5729363782811534
2.77 0.5697696104500989
2.78 0.5669192559124654
2.79 0.5626522981755744
2.8 0.5580814444732813
2.81 0.5530213150681078
2.82 0.5475531683896473
2.83 0.5430188170105614
2.84 0.538561228965909
2.85 0.5331317797619275
2.86 0.5281666117537283
2.87 0.5201525083241512
2.88 0.51323344790177
2.89 0.5053230665961177
2.9 0.4978687508988364
2.91 0.49117760796227294
2.92 0.4837434747948115
2.93 0.4755874354139431
2.94 0.4679156152689572
2.95 0.4593656805120947
2.96 0.4514603159413477
2.97 0.4443501427648675
2.98 0.4368390321843574
2.99 0.42936476115202327
3.0 0.4207560622335862
3.01 0.41478368406004007
3.02 0.4093149815500077
