0.0 -0.13439221118552425
0.01 -0.13828940039101267
0.02 -0.14276550299680535
0.03 -0.14465027861975477
0.04 -0.14818300571912424
0.05 -0.1500988157921337
0.06 -0.15221845383035726
0.07 -0.1526668489379568
0.08 -0.15377506662055485
0.09 -0.15506298932441087
0.1 -0.15579464581783276
0.11 -0.15616576151217432
0.12 -0.15669275026659424
0.13 -0.15611558862812158
0.14 -0.15525914838875954
0.15 -0.15351060706061004
0.16 -0.1521022458228405
0.17 -0.15275844343024847
0.18 -0.15335571545742432
0.19 -0.15421954328513365
0.2 -0.1533199627790447
0.21 -0.152574986185118
0.22 -0.15234528222408317
0.23 -0.1525022842111925
0.24 -0.1523117409064474
0.25 -0.15188737843888678
0.26 -0.15255391046857003
0.27 -0.15289922529444944
0.28 -0.1533498330994929
0.29 -0.1554161857784262
0.3 -0.15729768151897439
0.31 -0.15910930533535828
0.32 -0.16090490064406415
0.33 -0.16133177402784504
0.34 -0.16192830935010072
0.35 -0.16115985777067632
0.36 -0.15832960750941716
0.37 -0.15719778579682808
0.38 -0.15747250254766065
0.39 -0.15861929233478422
0.4 -0.15758496359722463
0.41 -0.15687171825203894
0.42 -0.15373407394529925
0.43 -0.15145106494659766
0.44 -0.1476352510812342
0.45 -0.14361146801672264
0.46 -0.1425732440477505
0.47 -0.14023417372679425
0.48 -0.13830869778195387
0.49 -0.13798100329833707
0.5 -0.13745240868576802
0.51 -0.1394844796405983
0.52 -0.1397574506804906
0.53 -0.14076267920657193
0.54 -0.141213438376103
0.55 -0.14290713339834227
0.56 -0.14639191963889076
0.57 -0.1516713705978563
0.58 -0.15578973173904176
0.59 -0.16087209103515532
0.6 -0.16363040683795127
0.61 -0.16738150891770465
0.62 -0.16747870306070434
0.63 -0.16822861717376814
0.64 -0.16739562546234144
0.65 -0.16804955786428977
0.66 -0.16827060996516785
0.67 -0.16972195846184368
0.68 -0.1730086282789398
0.69 -0.17476494204070736
0.7 -0.17695224983166113
0.71 -0.1763242241434968
0.72 -0.1741341324846717
0.73 -0.17226744810485606
0.74 -0.17105568288492146
0.75 -0.16985005031163203
0.76 -0.16920171949384022
0.77 -0.16967248397447987
0.78 -0.16917572349463628
0.79 -0.16856386818999658
0.8 -0.16729363892905758
0.81 -0.16612509893756
0.82 -0.16307349952771544
0.83 -0.1595317563410461
0.84 -0.1570733760835883
0.85 -0.15493637836377916
0.86 -0.15388652560564076
0.87 -0.15305481707646296
0.88 -0.15016428904671875
0.89 -0.14565015816457727
0.9 -0.13999191836349123
0.91 -0.1365561638407966
0.92 -0.1342673401409824
0.93 -0.13040540868168193
0.94 -0.12852822763517135
0.95 -0.1281629144959533
0.96 -0.1283073478287573
0.97 -0.12946862110972734
0.98 -0.13086301308265247
0.99 -0.13181120310756045
1.0 -0.1317397669687712
1.01 -0.13022009845314741
1.02 -0.12877610285359076
1.03 -0.1287966506324021
1.04 -0.12766291004615438
1.05 -0.12879392526253275
1.06 -0.12913902070653727
1.07 -0.13015915864305105
1.08 -0.1309087452534765
1.09 -0.13123788408510917
1.1 -0.132913103949039
1.11 -0.13353868297124727
1.12 -0.13433327266600958
1.13 -0.13562143498914292
1.14 -0.13497199153898176
1.15 -0.13434154907011564
1.16 -0.13256098055256205
1.17 -0.1307372630833732
1.18 -0.13008848591559374
1.19 -0.13088551750448563
1.2 -0.1323442378463433
1.21 -0.13580473287026606
1.22 -0.1377721749171763
1.23 -0.13931421492564366
1.24 -0.14146677668738894
1.25 -0.14229521173667425
1.26 -0.1427165811323574
1.27 -0.14350877448225985
1.28 -0.14478700051548232
1.29 -0.14572597964125267
1.3 -0.14721592160925612
1.31 -0.14813289219121906
1.32 -0.14907491926531158
1.33 -0.14929813799039504
1.34 -0.15004092178790662
1.35 -0.15015526345724295
1.36 -0.15050911967043135
1.37 -0.15291275186799957
1.38 -0.15370046565420115
1.39 -0.15467956581015008
1.4 -0.15407602958720235
1.41 -0.1536862426805521
1.42 -0.1523246049966227
1.43 -0.1518215875050659
1.44 -0.1529256267275736
1.45 -0.15412884292370466
1.46 -0.15604685489067993
1.47 -0.1578447823468534
1.48 -0.16007922296479604
1.49 -0.16103187503882355
1.5 -0.1619546950573061
1.51 -0.16253781075642415
1.52 -0.1636294414323518
1.53 -0.16633157907890483
1.54 -0.1675189194328417
1.55 -0.16830588168470184
1.56 -0.1683391736464528
1.57 -0.16903711261139254
1.58 -0.16851306826890067
1.59 -0.16925475943980173
1.6 -0.17100819459734717
1.61 -0.17117089787607087
1.62 -0.17262738183623538
1.63 -0.1730763283646941
1.64 -0.1737700102061086
1.65 -0.17306216600705726
1.66 -0.17130201450021643
1.67 -0.1676563624759977
1.68 -0.16377364304212705
1.69 -0.1625445201452025
1.7 -0.16194949805743342
1.71 -0.16241682672199076
1.72 -0.1642174021006344
1.73 -0.1669593096235591
1.74 -0.16814186082058002
1.75 -0.16924218545548975
1.76 -0.17012524670495122
1.77 -0.17004088011839702
1.78 -0.1698287162060752
1.79 -0.1690008523333555
1.8 -0.1690261540381348
1.81 -0.16956825864864866
1.82 -0.16874143390418928
1.83 -0.16928638330478885
1.84 -0.1700280036270172
1.85 -0.17157213948229355
1.86 -0.1730890437433792
1.87 -0.17379984234656165
1.88 -0.17384701110629042
1.89 -0.17305720768533472
1.9 -0.17255601591198388
1.91 -0.17222150872450692
1.92 -0.17211062708183622
1.93 -0.17275416431128976
1.94 -0.17205849564284614
1.95 -0.1706697348778512
1.96 -0.17073343377858885
1.97 -0.17141608436301636
1.98 -0.17096693714820344
1.99 -0.1719063028668204
2.0 -0.1741305193661451
2.01 -0.17561486261336867
2.02 -0.17637022301783567
2.03 -0.1753475166209535
2.04 -0.17477634962550415
2.05 -0.1741944857274098
2.06 -0.17484622985747755
2.07 -0.17394176882409695
2.08 -0.1752973689663535
2.09 -0.17708674176866834
2.1 -0.17893540005982267
2.11 -0.18199833648046404
2.12 -0.18513645795022438
2.13 -0.18792149371762745
2.14 -0.19000937995761502
2.15 -0.18964130531119316
2.16 -0.18929953857135207
2.17 -0.1878215143709614
2.18 -0.1851329621500506
2.19 -0.1846640397094017
2.2 -0.18384844551561041
2.21 -0.1840514686797845
2.22 -0.18385178470500918
2.23 -0.18357170687346436
2.24 -0.18282339224859756
2.25 -0.18189039937758933
2.26 -0.17911864258506238
2.27 -0.17582965751373258
2.28 -0.17134683239224513
2.29 -0.16664630828667093
2.3 -0.16485492231044363
2.31 -0.16205850324834126
2.32 -0.16132831194753194
2.33 -0.16123270788448973
2.34 -0.162018614658054
2.35 -0.16141311672197212
2.36 -0.16033186310555658
2.37 -0.1585939589050569
2.38 -0.15802062617155288
2.39 -0.15825303751352804
2.4 -0.15851425310623624
2.41 -0.15863767112369853
2.42 -0.15868946295922548
2.43 -0.1610512966445592
2.44 -0.163523826946244
2.45 -0.16739971351305405
2.46 -0.17117472977845294
2.47 -0.17424230952092978
2.48 -0.17699867241260359
2.49 -0.1762790342696241
2.5 -0.17412221973131503
2.51 -0.17212072893670172
2.52 -0.16908863472660185
2.53 -0.16672432332152232
2.54 -0.16428427549891955
2.55 -0.16294259080595097
2.56 -0.1619254429728363
2.57 -0.1609848010778081
2.58 -0.15959447651559966
2.59 -0.15854542189795096
2.6 -0.1586926441736658
2.61 -0.15703974166778556
2.62 -0.15496277781341572
2.63 -0.15469075875087102
2.64 -0.1544429622154193
2.65 -0.1561893394059526
2.66 -0.1594105627864888
2.67 -0.16323662856724797
2.68 -0.1658017604664237
2.69 -0.16864357436653643
2.7 -0.17294975203479668
2.71 -0.1758365158791242
2.72 -0.17772542772450928
2.73 -0.17782165138218797
2.74 -0.17825012651135896
2.75 -0.1769205312516937
2.76 -0.17706680238163885
2.77 -0.17657555915147283
2.78 -0.17708359849466326
2.79 -0.1763216910114922
2.8 -0.17503682695724798
2.81 -0.1727292334390107
2.82 -0.17014687501830794
2.83 -0.16881942826555507
2.84 -0.1677838461484562
2.85 -0.16632187995202985
2.86 -0.16610354090729773
2.87 -0.16120615716700915
2.88 -0.1578857948244381
2.89 -0.1528438173710538
2.9 -0.14958789496565172
2.91 -0.14585600764387197
2.92 -0.14273772339631385
2.93 -0.13884854985024608
2.94 -0.13636582465109814
2.95 -0.13200989949069353
2.96 -0.1280273238889964
2.97 -0.12493398993302884
2.98 -0.12154111267445078
2.99 -0.120354051618067
3.0 -0.11774310490867901
3.01 -0.11761421755647383
3.02 -0.11669278902074476
