0.0 0.3437938561631615
0.01 0.34273846724339574
0.02 0.34224213069220166
0.03 0.34182666947608276
0.04 0.3431326428592669
0.05 0.34172278498038633
0.06 0.34091842542341055
0.07 0.33747170833127615
0.08 0.3348733043682497
0.09 0.3321451250048657
0.1 0.3303444755257017
0.11 0.3296113040254198
0.12 0.330465445430689
0.13 0.33132315767172305
0.14 0.3319547558483542
0.15 0.330138279588696
0.16 0.3266918634476381
0.17 0.32161378747187985
0.18 0.31779043821239394
0.19 0.3126208471471932
0.2 0.307695511582879
0.21 0.3048233952405308
0.22 0.30193477391526713
0.23 0.3004217611652864
0.24 0.2977680027879055
0.25 0.2970814518031011
0.26 0.29275855589717636
0.27 0.28848824847698484
0.28 0.28419459821872906
0.29 0.2810385125431498
0.3 0.27933503449275054
0.31 0.27849747730677343
0.32 0.2788851784603814
0.33 0.28047859443282785
0.34 0.28329850805668944
0.35 0.28586858012135075
0.36 0.2898166091242622
0.37 0.2949037504446128
0.38 0.30018812585346577
0.39 0.30242438256576154
0.4 0.30428543686088627
0.41 0.304862424084126
0.42 0.3072627249771278
0.43 0.3076399009398809
0.44 0.3066458267846839
0.45 0.30786924539752203
0.46 0.31144851485891234
0.47 0.31358272901662687
0.48 0.3131871389158798
0.49 0.30886595416040574
0.5 0.3042823581968612
0.51 0.30100222466199167
0.52 0.2986185384092641
0.53 0.29788729071091957
0.54 0.29495993457813086
0.55 0.29280444100393677
0.56 0.2902774267657833
0.57 0.2882262054907949
0.58 0.2874524399816334
0.59 0.28574552702054845
0.6 0.28529628248248695
0.61 0.2840794859750382
0.62 0.28235162195194174
0.63 0.2802704641679581
0.64 0.27867050036923224
0.65 0.2767344291126905
0.66 0.2769919809996617
0.67 0.2752358419882004
0.68 0.27631740695934415
0.69 0.2759867380545451
0.7 0.2758777505664529
0.71 0.2743136951177547
0.72 0.2719722612832145
0.73 0.2705190016316381
0.74 0.2708016082500766
0.75 0.26997607396401246
0.76 0.27158303458696853
0.77 0.27311747497501937
0.78 0.2751276561834963
0.79 0.27618203685580234
0.8 0.2766848371737378
0.81 0.27530295459649334
0.82 0.27404903233980793
0.83 0.2744149988081741
0.84 0.27511079872510713
0.85 0.2783670667298992
0.86 0.2799647850394571
0.87 0.28138913092791107
0.88 0.2819233460589201
0.89 0.2838813874236088
0.9 0.28667681793462396
0.91 0.28989759711446794
0.92 0.29046909631142803
0.93 0.29109706467301777
0.94 0.2892002043417188
0.95 0.28945647135733665
0.96 0.28728349662363595
0.97 0.28671341436843534
0.98 0.2850569841121864
0.99 0.28404367731702784
1.0 0.2843713099149454
1.01 0.286394120035002
1.02 0.2888863150497887
1.03 0.2895847097984756
1.04 0.2883122578448756
1.05 0.2872845515131779
1.06 0.28323256070441705
1.07 0.28240184907816346
1.08 0.2820191945623485
1.09 0.28220799248453954
1.1 0.2835865095356871
1.11 0.2851304230526406
1.12 0.2846727995619611
1.13 0.28418006651787575
1.14 0.2825693070231017
1.15 0.2820299675329476
1.16 0.2805806182715802
1.17 0.2811604080026413
1.18 0.28285524249250926
1.19 0.28300295601310843
1.2 0.2791692548990907
1.21 0.27608858348962606
1.22 0.27295985972408854
1.23 0.26911608112190866
1.24 0.2678317719715748
1.25 0.26616125239987554
1.26 0.2650895580737975
1.27 0.26289258287967154
1.28 0.26275140286812526
1.29 0.26455283269134977
1.3 0.2647678566539575
1.31 0.2638331411021797
1.32 0.25974738207091086
1.33 0.25770559196915155
1.34 0.2562509408756233
1.35 0.25688630714979244
1.36 0.2567862908733076
1.37 0.25763521780913123
1.38 0.2612497056448948
1.39 0.26334225874887807
1.4 0.2653052892418568
1.41 0.2658422362276589
1.42 0.26452832666469117
1.43 0.26435768490724154
1.44 0.2627360148405886
1.45 0.2608304084588937
1.46 0.25713154397688154
1.47 0.25361310030945905
1.48 0.2515427957663414
1.49 0.2504760095407157
1.5 0.25045090229303657
1.51 0.25190335851154266
1.52 0.25157613706057624
1.53 0.25008189770288336
1.54 0.2481788008256558
1.55 0.24581628731045413
1.56 0.2418667559070533
1.57 0.24003252036839395
1.58 0.24054970535246145
1.59 0.24123120073938065
1.6 0.24385173050277142
1.61 0.24490053340950446
1.62 0.24830607679432948
1.63 0.2498414398178186
1.64 0.253209677955164
1.65 0.25340511607153715
1.66 0.25322876250343107
1.67 0.2532537366686558
1.68 0.2525143825207081
1.69 0.249790510277486
1.7 0.2488155202060396
1.71 0.2474863148487252
1.72 0.24696817332875387
1.73 0.24702022675315405
1.74 0.24653636305165527
1.75 0.2458558177433714
1.76 0.24649239496455522
1.77 0.24557140843264325
1.78 0.24585844242430976
1.79 0.24600809633402232
1.8 0.24468083810863384
1.81 0.24479371067204792
1.82 0.24385538638364057
1.83 0.24353484160402772
1.84 0.2440495857400009
1.85 0.247825965701038
1.86 0.2483231028670696
1.87 0.24612239282451132
1.88 0.24500870812376352
1.89 0.2422028009685091
1.9 0.24091770912049704
1.91 0.24112287699190205
1.92 0.2395952036693112
1.93 0.24169358645624328
1.94 0.24170490897976826
1.95 0.24121447359008918
1.96 0.23886029402319942
1.97 0.23613474523354672
1.98 0.23632558176188034
1.99 0.23588111613548257
2.0 0.2355983058687796
2.01 0.23466663565676438
2.02 0.2322911813785451
2.03 0.23094712888369973
2.04 0.23065031799009095
2.05 0.23315245110643978
2.06 0.23278477708962164
2.07 0.23360039431801027
2.08 0.23189048754092045
2.09 0.23056936891590762
2.1 0.2267821928017124
2.11 0.2240844400268731
2.12 0.2229812577230046
2.13 0.22429094566361485
2.14 0.2252250628462198
2.15 0.22716493668225368
2.16 0.22707061711893228
2.17 0.22573304841447417
2.18 0.22256229114126924
2.19 0.2204948131169049
2.2 0.21841388615372015
2.21 0.21874097133129133
2.22 0.21830976273538383
2.23 0.22192576741970882
2.24 0.22642347533575524
2.25 0.22924617426841998
2.26 0.2309437276697306
2.27 0.2320264365550413
2.28 0.23234237445678385
2.29 0.23375592489710684
2.3 0.23525445213036456
2.31 0.23825569143693137
2.32 0.24075429509769908
2.33 0.24364249109598735
2.34 0.24630337451675377
2.35 0.25085652951897686
2.36 0.25311397016621573
2.37 0.2535691491137033
2.38 0.2517584820991532
2.39 0.24961948068352857
2.4 0.2470056022892546
2.41 0.2453000495224238
2.42 0.24532799113531656
2.43 0.24656367243987276
2.44 0.24910823924274084
2.45 0.2557864338027098
2.46 0.260173267299618
2.47 0.2618956910458916
2.48 0.26207407992701004
2.49 0.263054461391075
2.5 0.26406743533966903
2.51 0.26578801097473637
2.52 0.26856699060445344
2.53 0.2733808904938062
2.54 0.27607438115221417
2.55 0.2816820290255233
2.56 0.2882943235762623
2.57 0.29447385866366993
2.58 0.3001428051200028
2.59 0.30374722528892484
2.6 0.3069560166815952
2.61 0.3070908844473843
2.62 0.3047628617748357
2.63 0.30470605706751286
2.64 0.3031360914344816
2.65 0.30343836628108356
2.66 0.3043439505734282
2.67 0.307745154853559
2.68 0.30975015971521636
2.69 0.31210237428862087
2.7 0.31407466193746814
2.71 0.3186354798796467
2.72 0.3249661133148116
2.73 0.3280512855334541
2.74 0.3297943022755625
2.75 0.33026191046380227
2.76 0.3314045078883998
2.77 0.3298648006024756
2.78 0.3310810313774013
2.79 0.33167649189373094
2.8 0.33188315208517416
2.81 0.33323223941013325
2.82 0.3353199162706604
2.83 0.337313560494958
2.84 0.3392685541666314
2.85 0.3395237068185111
2.86 0.3424407139870178
2.87 0.34307566290601965
2.88 0.343671471784341
2.89 0.34559989560259563
2.9 0.34892840813392656
2.91 0.35057519760546985
2.92 0.35130848895966693
2.93 0.35016091471562216
2.94 0.34924136236924586
2.95 0.34744164247145726
2.96 0.3470836719112862
2.97 0.34583887109248757
2.98 0.34459664045138627
2.99 0.3450122457678102
3.0 0.3475160803991333
3.01 0.3494193906554708
3.02 0.35154912757377055
