0.0 1.3773783655466159
0.01 1.3770391256873116
0.02 1.376261379867754
0.03 1.3739243915070354
0.04 1.37137726393374
0.05 1.3692536248807605
0.06 1.3682802407495513
0.07 1.3646641222938465
0.08 1.3628914624938373
0.09 1.3612510737071593
0.1 1.3611350150973562
0.11 1.3615772297620414
0.12 1.3618440294166114
0.13 1.3626584578891983
0.14 1.3609101947622495
0.15 1.3623266635866553
0.16 1.3622139235438842
0.17 1.3638843233214284
0.18 1.3639945995458023
0.19 1.3650784609424975
0.2 1.3665052169666057
0.21 1.367012029014722
0.22 1.3650199548525377
0.23 1.3668193748711572
0.24 1.3677345251912194
0.25 1.3673308992694535
0.26 1.3681606300949274
0.27 1.3678108450404816
0.28 1.3678735768284453
0.29 1.3684762044977048
0.3 1.3690171820823887
0.31 1.367432066269211
0.32 1.3677507438172758
0.33 1.366570928999153
0.34 1.3656444447685696
0.35 1.3647985898305364
0.36 1.3634195074602617
0.37 1.3632585443215581
0.38 1.3617645758679493
0.39 1.3647596759888523
0.4 1.3606874491286929
0.41 1.3628951772414566
0.42 1.3610601504842958
0.43 1.3629837171331567
0.44 1.3621879246651925
0.45 1.3618193570947414
0.46 1.3630439641288437
0.47 1.3601748014174428
0.48 1.357140371670443
0.49 1.3546185927555987
0.5 1.351522474526293
0.51 1.3494059380476702
0.52 1.3499187162640913
0.53 1.3460175305036812
0.54 1.3413844645802344
0.55 1.3390947041804449
0.56 1.3370560191311105
0.57 1.3343965609244974
0.58 1.332582027107403
0.59 1.3283664943313274
0.6 1.3236622696792155
0.61 1.324693306697322
0.62 1.3208332781204053
0.63 1.3184953863040971
0.64 1.3144092859414607
0.65 1.312823737007733
0.66 1.3099508464834173
0.67 1.3059315268267464
0.68 1.3049320422124642
0.69 1.3044929582895226
0.7 1.3028948991618545
0.71 1.2996922393378147
0.72 1.294049232085679
0.73 1.2925055922036282
0.74 1.2929733647223163
0.75 1.2890117988788092
0.76 1.2842003728276459
0.77 1.280958190413111
0.78 1.2772100597919591
0.79 1.2742391172059073
0.8 1.27190844165747
0.81 1.270751073421538
0.82 1.268384905344842
0.83 1.2659947843121913
0.84 1.2648179169517855
0.85 1.2633062415250746
0.86 1.2634321333769782
0.87 1.2649943893356044
0.88 1.2627779095023208
0.89 1.261354562297524
0.9 1.2587574922990705
0.91 1.258373391594235
0.92 1.2574158872997958
0.93 1.2551780579799323
0.94 1.2539453567273204
0.95 1.2537960961301482
0.96 1.2540207976767044
0.97 1.2545065554652468
0.98 1.2543058036645451
0.99 1.2546732565492902
1.0 1.2545400889424956
1.01 1.253281027220861
1.02 1.2520395832238416
1.03 1.2501859235219688
1.04 1.247151037344179
1.05 1.2463244379216794
1.06 1.2420424178121192
1.07 1.241343021817539
1.08 1.240868788735789
1.09 1.2391455098147586
1.1 1.2413210980819076
1.11 1.2412418490063422
1.12 1.2411561724338762
1.13 1.2422105624817745
1.14 1.2410023429328079
1.15 1.2414420342454764
1.16 1.2384628166135339
1.17 1.2380504808988237
1.18 1.2379601017736732
1.19 1.2362760968715438
1.2 1.2357099638001037
1.21 1.2355621804260282
1.22 1.2342972392509104
1.23 1.234226332509535
1.24 1.2329066191245248
1.25 1.2311128964329079
1.26 1.2298798919821792
1.27 1.2283079979435008
1.28 1.2248169644915166
1.29 1.2208057869228286
1.3 1.2210697757251752
1.31 1.218963256446259
1.32 1.2172371352546647
1.33 1.215069961500073
1.34 1.2144328826109634
1.35 1.2134678223813498
1.36 1.2128252396477603
1.37 1.2144128269273438
1.38 1.2121075225424285
1.39 1.211579623349523
1.4 1.21203129784704
1.41 1.2109341637826678
1.42 1.21009997887431
1.43 1.2071557938462183
1.44 1.2085718049759229
1.45 1.2070978372059695
1.46 1.2069600762088726
1.47 1.2062681042765457
1.48 1.2054275911098187
1.49 1.2047583540810543
1.5 1.2051124972321814
1.51 1.2026300568951722
1.52 1.1983857262179587
1.53 1.197269291459202
1.54 1.1955447452448578
1.55 1.1925167232275418
1.56 1.192615834503301
1.57 1.1904075040796354
1.58 1.1891903726843154
1.59 1.189222867675658
1.6 1.1887457952309228
1.61 1.1863561233940545
1.62 1.1862900900163011
1.63 1.1849018891900007
1.64 1.183846129781005
1.65 1.184705264076746
1.66 1.1832618502962222
1.67 1.1826160508310282
1.68 1.1812674427013965
1.69 1.1814657784965545
1.7 1.1807068517712778
1.71 1.1817693670459009
1.72 1.1798714340478047
1.73 1.18042481596027
1.74 1.178326618051205
1.75 1.1751261710486007
1.76 1.1733212836834745
1.77 1.172204469123288
1.78 1.171141328494115
1.79 1.1678717944709605
1.8 1.1661646992359658
1.81 1.1671289222372208
1.82 1.1672806631017156
1.83 1.1679048982049616
1.84 1.165729309616184
1.85 1.1668066310502234
1.86 1.1667885869473227
1.87 1.1680808854497866
1.88 1.1697686523284947
1.89 1.1702193570483863
1.9 1.170243179606568
1.91 1.1700014372086551
1.92 1.1684378160275823
1.93 1.1682495306417517
1.94 1.1684125824130782
1.95 1.1688590317933385
1.96 1.167214328111152
1.97 1.1665374149371703
1.98 1.1668361704300403
1.99 1.163780416947775
2.0 1.1645975621717342
2.01 1.1649037781762503
2.02 1.163605226909458
2.03 1.157600243281932
2.04 1.1539456709868925
2.05 1.1494158026053936
2.06 1.1489174704313707
2.07 1.144801162425324
2.08 1.1404697237097876
2.09 1.1380661146293347
2.1 1.13603555162763
2.11 1.1357138733415724
2.12 1.1350459161816469
2.13 1.1327041035385759
2.14 1.1325357292798115
2.15 1.1295398491406377
2.16 1.128300846604445
2.17 1.1249253302849205
2.18 1.1228756657611587
2.19 1.1228892706871885
2.2 1.1240786093886785
2.21 1.1254042686714154
2.22 1.1267588079742143
2.23 1.1275114298379245
2.24 1.1277418523370715
2.25 1.1278973837678086
2.26 1.1308393256198954
2.27 1.130313806016376
2.28 1.1308371455129946
2.29 1.1283331544241992
2.3 1.1286115950094078
2.31 1.1237206544739933
2.32 1.1244351233347052
2.33 1.1223427924919203
2.34 1.1238348421092539
2.35 1.1248892934039612
2.36 1.1229124875113743
2.37 1.1249815270112387
2.38 1.1242556266676842
2.39 1.1267223302295282
2.4 1.1250193329521951
2.41 1.1257181379343764
2.42 1.1252703070437624
2.43 1.1254129659872523
2.44 1.1242371180886215
2.45 1.1244107602050364
2.46 1.124625801362098
2.47 1.124088813411817
2.48 1.1244274013803137
2.49 1.1232441243131177
2.5 1.1215053123981504
2.51 1.1232891428601937
2.52 1.1251336608866391
2.53 1.128153753996672
2.54 1.1324883864287525
2.55 1.1371642267504698
2.56 1.1447886678584007
2.57 1.148496198346427
2.58 1.1548285715650395
2.59 1.1608249306638538
2.6 1.166159074998181
2.61 1.1715858627427802
2.62 1.1777764549949308
2.63 1.1840893040624554
2.64 1.1895573341511296
2.65 1.1944630408136647
2.66 1.199730862251025
2.67 1.20514114477599
2.68 1.2090670782307686
2.69 1.2138741622932838
2.7 1.21594435218061
2.71 1.2202218966493152
2.72 1.2286545309727774
2.73 1.2339659738697062
2.74 1.2352819940409017
2.75 1.2372680487970782
2.76 1.244653846916564
2.77 1.2470182613574496
2.78 1.2532956628576333
2.79 1.2580176607618676
2.8 1.2638884720347243
2.81 1.2681486461366571
2.82 1.2708744330923492
2.83 1.275708390780732
2.84 1.2776987052120168
2.85 1.2829089299695462
2.86 1.2899275662214755
2.87 1.291065445537542
2.88 1.2923627640100261
2.89 1.2936686404601403
2.9 1.29698163228867
2.91 1.2990725201602693
2.92 1.3002383183559112
2.93 1.3034110204793299
2.94 1.3090570187105626
2.95 1.3105964370427023
2.96 1.3113807634253751
2.97 1.3145828323727136
2.98 1.3149647725070666
2.99 1.3201332646152433
3.0 1.3246836430975386
3.01 1.3303707599852537
3.02 1.3338792128236001
