0.0 0.6072159398645612
0.01 0.6071704398645612
0.02 0.6071449398645612
0.03 0.6071054398645612
0.04 0.6070129398645612
0.05 0.6068919398645612
0.06 0.6066129398645612
0.07 0.6062089398645613
0.08 0.6057134398645612
0.09 0.6051679398645613
0.1 0.6044444398645612
0.11 0.6038889398645613
0.12 0.6030699398645613
0.13 0.6024484398645612
0.14 0.6018279398645612
0.15 0.6010679398645612
0.16 0.6003534398645612
0.17 0.5993064398645612
0.18 0.5984089398645612
0.19 0.5975074398645612
0.2 0.5966724398645613
0.21 0.5957679398645612
0.22 0.5948149398645612
0.23 0.5939349398645613
0.24 0.5931264398645613
0.25 0.5922884398645613
0.26 0.5914479398645612
0.27 0.5908299398645612
0.28 0.5902319398645612
0.29 0.5894349398645613
0.3 0.5887294398645613
0.31 0.5880874398645612
0.32 0.5875859398645613
0.33 0.5869949398645612
0.34 0.5865574398645612
0.35 0.5861594398645612
0.36 0.5859279398645613
0.37 0.5857059398645612
0.38 0.5855334398645613
0.39 0.5852719398645612
0.4 0.5853439398645612
0.41 0.5853329398645613
0.42 0.5852679398645613
0.43 0.5852189398645613
0.44 0.5849204398645612
0.45 0.5845834398645612
0.46 0.5842904398645612
0.47 0.5840559398645613
0.48 0.5837619398645613
0.49 0.5832884398645612
0.5 0.5831249398645613
0.51 0.5828689398645612
0.52 0.5829349398645612
0.53 0.5829754398645612
0.54 0.5828839398645612
0.55 0.5831484398645612
0.56 0.5832149398645613
0.57 0.5834199398645612
0.58 0.5833959398645613
0.59 0.5834604398645613
0.6 0.5834549398645612
0.61 0.5833734398645612
0.62 0.5834809398645613
0.63 0.5836139398645612
0.64 0.5839884398645613
0.65 0.5841429398645612
0.66 0.5847424398645613
0.67 0.5850599398645613
0.68 0.5854169398645612
0.69 0.5858794398645613
0.7 0.5862089398645612
0.71 0.5864389398645612
0.72 0.5867394398645612
0.73 0.5868379398645612
0.74 0.5872154398645613
0.75 0.5875279398645612
0.76 0.5877209398645613
0.77 0.5879514398645612
0.78 0.5881754398645612
0.79 0.5882374398645612
0.8 0.5882074398645613
0.81 0.5880614398645613
0.82 0.5879994398645613
0.83 0.5879009398645613
0.84 0.5877534398645612
0.85 0.5877439398645612
0.86 0.5877514398645612
0.87 0.5877124398645612
0.88 0.5876174398645613
0.89 0.5875349398645613
0.9 0.5873664398645613
0.91 0.5872944398645612
0.92 0.5871564398645612
0.93 0.5870234398645613
0.94 0.5869814398645612
0.95 0.5868714398645613
0.96 0.5866439398645613
0.97 0.5863809398645612
0.98 0.5861689398645613
0.99 0.5858354398645612
1.0 0.5856634398645613
1.01 0.5853859398645612
1.02 0.5850914398645612
1.03 0.5848584398645612
1.04 0.5848714398645612
1.05 0.5846404398645613
1.06 0.5845064398645613
1.07 0.5843039398645613
1.08 0.5842544398645613
1.09 0.5841534398645613
1.1 0.5840129398645613
1.11 0.5837739398645613
1.12 0.5835064398645613
1.13 0.5833259398645613
1.14 0.5830434398645612
1.15 0.5828249398645613
1.16 0.5828109398645612
1.17 0.5827969398645613
1.18 0.5827239398645612
1.19 0.5826864398645613
1.2 0.5827069398645612
1.21 0.5823659398645612
1.22 0.5824509398645612
1.23 0.5825274398645612
1.24 0.5823534398645612
1.25 0.5822764398645612
1.26 0.5822264398645612
1.27 0.5822894398645613
1.28 0.5822489398645613
1.29 0.5821424398645613
1.3 0.5821189398645612
1.31 0.5819994398645613
1.32 0.5819869398645612
1.33 0.5818829398645613
1.34 0.5818344398645612
1.35 0.5819084398645613
1.36 0.5817309398645613
1.37 0.5816379398645612
1.38 0.5814519398645612
1.39 0.5813364398645613
1.4 0.5816054398645611
1.41 0.5815804398645612
1.42 0.5816299398645612
1.43 0.5814249398645612
1.44 0.5814714398645613
1.45 0.5813529398645613
1.46 0.5811114398645613
1.47 0.5810139398645613
1.48 0.5807754398645613
1.49 0.5807739398645613
1.5 0.5805979398645612
1.51 0.5804784398645613
1.52 0.5804339398645613
1.53 0.5803364398645613
1.54 0.5802569398645612
1.55 0.5802359398645612
1.56 0.5801764398645612
1.57 0.5800064398645612
1.58 0.5799604398645613
1.59 0.5799599398645612
1.6 0.5795719398645612
1.61 0.5793429398645612
1.62 0.5790839398645612
1.63 0.5788394398645612
1.64 0.5784419398645613
1.65 0.5782094398645612
1.66 0.5779534398645612
1.67 0.5778029398645612
1.68 0.5777904398645612
1.69 0.5775474398645613
1.7 0.5773644398645612
1.71 0.5770219398645613
1.72 0.5767194398645612
1.73 0.5764094398645613
1.74 0.5761274398645613
1.75 0.5758629398645612
1.76 0.5757329398645612
1.77 0.5756364398645613
1.78 0.5754989398645612
1.79 0.5752994398645612
1.8 0.5751414398645612
1.81 0.5750139398645613
1.82 0.5747559398645612
1.83 0.5747619398645613
1.84 0.5746069398645612
1.85 0.5744604398645612
1.86 0.5742234398645613
1.87 0.5740099398645613
1.88 0.5737534398645612
1.89 0.5735079398645613
1.9 0.5733939398645612
1.91 0.5730699398645612
1.92 0.5728694398645613
1.93 0.5726119398645613
1.94 0.5722624398645613
1.95 0.5721149398645612
1.96 0.5719119398645612
1.97 0.5716199398645613
1.98 0.5714844398645612
1.99 0.5710959398645612
2.0 0.5707674398645612
2.01 0.5704004398645612
2.02 0.5701809398645612
2.03 0.5698264398645613
2.04 0.5694924398645612
2.05 0.5692849398645612
2.06 0.5690619398645612
2.07 0.5689424398645613
2.08 0.5688034398645612
2.09 0.5687764398645613
2.1 0.5687554398645612
2.11 0.5686974398645612
2.12 0.5685114398645612
2.13 0.5682564398645612
2.14 0.5680569398645612
2.15 0.5678804398645613
2.16 0.5677539398645612
2.17 0.5675994398645612
2.18 0.5674654398645612
2.19 0.5673074398645612
2.2 0.5673389398645612
2.21 0.5672299398645613
2.22 0.5672199398645612
2.23 0.5670744398645613
2.24 0.5669824398645613
2.25 0.5668504398645613
2.26 0.5670584398645613
2.27 0.5672974398645612
2.28 0.5674229398645613
2.29 0.5675944398645613
2.3 0.5678174398645612
2.31 0.5681364398645612
2.32 0.5684794398645612
2.33 0.5690069398645612
2.34 0.5693549398645612
2.35 0.5699969398645612
2.36 0.5703164398645613
2.37 0.5706464398645612
2.38 0.5708899398645613
2.39 0.5711799398645613
2.4 0.5714444398645613
2.41 0.5716279398645612
2.42 0.5721514398645613
2.43 0.5727854398645613
2.44 0.5733279398645612
2.45 0.5738099398645613
2.46 0.5743719398645613
2.47 0.5748789398645613
2.48 0.5751734398645612
2.49 0.5754864398645613
2.5 0.5758669398645613
2.51 0.5762704398645613
2.52 0.5767684398645613
2.53 0.5768934398645612
2.54 0.5772804398645612
2.55 0.5777314398645612
2.56 0.5780729398645612
2.57 0.5783379398645613
2.58 0.5784834398645612
2.59 0.5786909398645612
2.6 0.5788894398645612
2.61 0.5789604398645612
2.62 0.5791334398645612
2.63 0.5789829398645613
2.64 0.5788704398645612
2.65 0.5786279398645613
2.66 0.5782994398645612
2.67 0.5776479398645612
2.68 0.5771294398645612
2.69 0.5767409398645612
2.7 0.5761539398645612
2.71 0.5756504398645612
2.72 0.5752179398645613
2.73 0.5747644398645613
2.74 0.5741184398645612
2.75 0.5737739398645613
2.76 0.5736799398645612
2.77 0.5733089398645612
2.78 0.5732414398645612
2.79 0.5730304398645613
2.8 0.5730084398645612
2.81 0.5730474398645613
2.82 0.5732624398645613
2.83 0.5731309398645612
2.84 0.5732029398645613
2.85 0.5733874398645613
2.86 0.5734434398645613
2.87 0.5737134398645612
2.88 0.5739154398645613
2.89 0.5741899398645612
2.9 0.5745314398645612
2.91 0.5748329398645613
2.92 0.5753494398645612
2.93 0.5758854398645612
2.94 0.5763404398645613
2.95 0.5767959398645612
2.96 0.5770139398645613
2.97 0.5771954398645612
2.98 0.5770969398645612
2.99 0.5769064398645612
3.0 0.5769994398645613
3.01 0.5769594398645612
3.02 0.5770679398645613
