0.0 0.32535785567146513
0.01 0.3254634630109825
0.02 0.32428634424615455
0.03 0.32343677672909754
0.04 0.3233884727556098
0.05 0.32246667284817887
0.06 0.32102326906846423
0.07 0.31972363336525556
0.08 0.3187818430202354
0.09 0.3180562439571353
0.1 0.3198415967769299
0.11 0.3215424535845921
0.12 0.3244074461946962
0.13 0.32574610119761926
0.14 0.32704719320090003
0.15 0.3282344113578164
0.16 0.3279562228251338
0.17 0.32761188052269086
0.18 0.326103668261462
0.19 0.3240152051234646
0.2 0.3211994646774943
0.21 0.31986724196020067
0.22 0.3177011433171866
0.23 0.3145596654192633
0.24 0.31118824562040537
0.25 0.3082228611980029
0.26 0.3039603419285726
0.27 0.2988366245622194
0.28 0.2930844974304745
0.29 0.28805023027235954
0.3 0.2816482008512482
0.31 0.2752026298908592
0.32 0.26833228734881187
0.33 0.2612219042761148
0.34 0.2524720893504089
0.35 0.24570040605555699
0.36 0.23744266943818726
0.37 0.23065202129043705
0.38 0.22274788367430443
0.39 0.2147779217144219
0.4 0.20694017415215127
0.41 0.19896836550369557
0.42 0.1912297280434947
0.43 0.18306137197922023
0.44 0.17617688780612983
0.45 0.16882701479776419
0.46 0.16076258165480395
0.47 0.1529717159998718
0.48 0.14402940430067313
0.49 0.13381833920742947
0.5 0.12473722347595784
0.51 0.11484850154743942
0.52 0.10389410563940427
0.53 0.09544470472408317
0.54 0.08505343105495866
0.55 0.07528543742958593
0.56 0.06800550783005788
0.57 0.060355201602263264
0.58 0.05263563595413112
0.59 0.04589650539168444
0.6 0.03952540443519004
0.61 0.030823300332299297
0.62 0.021244491126111154
0.63 0.011161170067594206
0.64 0.0005938026265468466
0.65 -0.009879979595483146
0.66 -0.019662790996147095
0.67 -0.027777998929824577
0.68 -0.037032984478574615
0.69 -0.04496601618910079
0.7 -0.05167958979146503
0.71 -0.060796990032317755
0.72 -0.07152977922289372
0.73 -0.08112978935201864
0.74 -0.09109568274257862
0.75 -0.1012018182644221
0.76 -0.11025867974150438
0.77 -0.1186196404563038
0.78 -0.12652060500379658
0.79 -0.13517824251128507
0.8 -0.14323872844492724
0.81 -0.14934261204965926
0.82 -0.15724260888777852
0.83 -0.16432162612247803
0.84 -0.17045739051167352
0.85 -0.17775120986282733
0.86 -0.18291449302990648
0.87 -0.18777954216385684
0.88 -0.1927510011081668
0.89 -0.19819839407497675
0.9 -0.20432990276465013
0.91 -0.20843346602318347
0.92 -0.21333387888186905
0.93 -0.2158826957348876
0.94 -0.22079785244576522
0.95 -0.2242137651229883
0.96 -0.22789475114836266
0.97 -0.2304660581805198
0.98 -0.23282265396209834
0.99 -0.23491898821073187
1.0 -0.23626298817778535
1.01 -0.23845389247184823
1.02 -0.2395364109960667
1.03 -0.24074993777958253
1.04 -0.2430673433295074
1.05 -0.24471252528267895
1.06 -0.2462512643253576
1.07 -0.24771513984450166
1.08 -0.24839437168650802
1.09 -0.24864956239152392
1.1 -0.2485133409369542
1.11 -0.24840266523098098
1.12 -0.24839899251210218
1.13 -0.24924509493718539
1.14 -0.25058238588114357
1.15 -0.25129141446847125
1.16 -0.2519402884485138
1.17 -0.2522417189045214
1.18 -0.25153517951343884
1.19 -0.250550682563194
1.2 -0.2483943106567077
1.21 -0.24612225593957948
1.22 -0.24369316252541662
1.23 -0.24144246926473878
1.24 -0.2396749357503749
1.25 -0.23901244103935548
1.26 -0.23908645713363086
1.27 -0.23843071334063692
1.28 -0.23808398849423407
1.29 -0.2366797767421529
1.3 -0.2348780898903322
1.31 -0.23281168773956296
1.32 -0.23148138578501287
1.33 -0.23076020614897041
1.34 -0.23091079774317036
1.35 -0.23142830730512243
1.36 -0.23330529042897208
1.37 -0.23536790466986934
1.38 -0.23758919594115335
1.39 -0.24141807800090564
1.4 -0.24450131331716962
1.41 -0.2481968176483358
1.42 -0.25169458993420646
1.43 -0.2541792178375215
1.44 -0.2565042275593754
1.45 -0.2592730645642751
1.46 -0.2615028326959563
1.47 -0.26319455094277266
1.48 -0.26492855634835566
1.49 -0.2658832619981264
1.5 -0.26642793475086135
1.51 -0.2669774988353453
1.52 -0.26774189382239477
1.53 -0.26757480370182884
1.54 -0.2673011609695868
1.55 -0.26672280682736815
1.56 -0.2664191411531225
1.57 -0.2665845172312964
1.58 -0.2673035204238463
1.59 -0.26754701577843143
1.6 -0.267892149889962
1.61 -0.26676390405266437
1.62 -0.2660145488800163
1.63 -0.26571977747533193
1.64 -0.26455167476757024
1.65 -0.26412395086306173
1.66 -0.2642615393982939
1.67 -0.2654372489339254
1.68 -0.26710829335642616
1.69 -0.26882071213511427
1.7 -0.2709667695962992
1.71 -0.2721068857794413
1.72 -0.27290671347217943
1.73 -0.27321928617392244
1.74 -0.2734473370629149
1.75 -0.2735577178962334
1.76 -0.2737963828068062
1.77 -0.2734515331005243
1.78 -0.27218499231731474
1.79 -0.27072409173216894
1.8 -0.268318761274422
1.81 -0.2654601286220881
1.82 -0.26182713815230807
1.83 -0.2577558663726762
1.84 -0.25448941530701186
1.85 -0.25108220581959895
1.86 -0.24830078473004757
1.87 -0.2471441404869772
1.88 -0.24668786024581868
1.89 -0.24724904262509195
1.9 -0.24774253240621436
1.91 -0.24774807987919134
1.92 -0.24687895615336197
1.93 -0.24532958313332154
1.94 -0.24372661327642398
1.95 -0.2427598250787475
1.96 -0.24132619327448346
1.97 -0.2407214786105225
1.98 -0.24000461599919687
1.99 -0.2389536498207292
2.0 -0.23909231551246934
2.01 -0.23867589302580638
2.02 -0.23869888657110305
2.03 -0.23805599330375893
2.04 -0.23777903970424363
2.05 -0.23664064693299203
2.06 -0.23551489110666068
2.07 -0.23299989711354163
2.08 -0.2301703318140529
2.09 -0.22683517580578405
2.1 -0.2232514593196555
2.11 -0.21867817297110514
2.12 -0.21333174745709016
2.13 -0.208151541202251
2.14 -0.2030111558939125
2.15 -0.1988434271069588
2.16 -0.19487305520008302
2.17 -0.1911973009535397
2.18 -0.1880393279832755
2.19 -0.18517285739807887
2.2 -0.18182207256589544
2.21 -0.17865631069567778
2.22 -0.17502568961498932
2.23 -0.17364839679005195
2.24 -0.17211183206418346
2.25 -0.1709224862547245
2.26 -0.16955597044308357
2.27 -0.16736080952851884
2.28 -0.1644349719021121
2.29 -0.16008557495837783
2.3 -0.15462769136490495
2.31 -0.14819619913136028
2.32 -0.1410247086241152
2.33 -0.13158391178803885
2.34 -0.12068648845569374
2.35 -0.11127653602220056
2.36 -0.10103947393177215
2.37 -0.0900395252163535
2.38 -0.07939856404964285
2.39 -0.06984639134907766
2.4 -0.05993624327949032
2.41 -0.049631229527865806
2.42 -0.04057286468197674
2.43 -0.030920939629162536
2.44 -0.019629244365228615
2.45 -0.008961266615913122
2.46 0.0008540069010098961
2.47 0.011874098306394298
2.48 0.02289016853200021
2.49 0.03308752148173122
2.5 0.04519389765728299
2.51 0.05567960647902215
2.52 0.06755346167521159
2.53 0.07995964824402346
2.54 0.09096091867916867
2.55 0.10338382432977333
2.56 0.11409297826331244
2.57 0.12756447156656048
2.58 0.13930826917974803
2.59 0.15181880612123155
2.6 0.1640786248855286
2.61 0.17542120617903212
2.62 0.18642788634981677
2.63 0.1951215781593758
2.64 0.20544496430074766
2.65 0.21512221603657666
2.66 0.22568359989795894
2.67 0.23726779569143286
2.68 0.24937076304227146
2.69 0.25869562889590636
2.7 0.2686167530487169
2.71 0.27657316917845476
2.72 0.28421136279620995
2.73 0.2931141431481672
2.74 0.30330386743089965
2.75 0.3115230590312956
2.76 0.31951682018219163
2.77 0.32808688193626656
2.78 0.33577073592059614
2.79 0.3430487103176305
2.8 0.35152202042248737
2.81 0.35861240664649907
2.82 0.3664738834605732
2.83 0.374769317531952
2.84 0.38283167094403714
2.85 0.39017060350870736
2.86 0.396535983650415
2.87 0.4014420011688431
2.88 0.4077485890935435
2.89 0.411950690193605
2.9 0.4167945434781579
2.91 0.42301258215733517
2.92 0.4276707648995912
2.93 0.43155113692783864
2.94 0.4365866834419685
2.95 0.44104062476536576
2.96 0.44573414820461554
2.97 0.4509314100504658
2.98 0.455326016492962
2.99 0.4529533803116652
3.0 0.4472719073264244
3.01 0.44049425702587097
3.02 0.43322863680840307
